0
0
0
0
0
0
0
0
0
0
0
0
0
0
0
0
0
11
21
26
16
15
20
13
22
26
17
15
30
20
21
34
32
28
30
28
25
27
36
32
29
22
16
11
11
8
6
1
2
5
3
5
4
5
7
5
15
8
18
18
27
22
26
18
9
8
5
3
1
2
0
0
1
0
0
0
0
0
0
0
0
0
0
0
1
1
0
0
1
0
0
0
0
1
0
1
0
0
0
0
0
0
1
0
0
1
1
0
0
0
0
0
0
0
0
1
0
0
1
0
0
0
0
0
0
0
0
0
0
0
0
0
0
0
0
0
0
0
0
0
0
0
0
0
0
0
0
0
0
0
0
0
0
0
0
1
0
0
0
0
0
0
0
1
0
0
0
0
0
0
0
0
0
0
0
0
0
0
0
0
0
0
0
0
0
0
0
0
0
0
0
0
0
0
0
0
0
1
0
0
0
0
0
0
0
0
0
0
0
0
0
0
0
0
0
0
0
0
0
0
0
0
0
0
0
0
0
0
0
0
0
0
0
0
0
0
0
0
0
0
0
0
0
1
0
0
0
0
0
0
0
0
0
0
0
0