 30.0000       243
 30.0300       219
 30.0600       259
 30.0900       234
 30.1200       246
 30.1500       222
 30.1800       225
 30.2100       276
 30.2400       269
 30.2700       253
 30.3000       259
 30.3300       259
 30.3600       256
 30.3900       250
 30.4200       231
 30.4500       243
 30.4800       237
 30.5100       228
 30.5400       231
 30.5700       276
 30.6000       296
 30.6300       246
 30.6600       262
 30.6900       279
 30.7200       262
 30.7500       250
 30.7800       272
 30.8100       216
 30.8400       253
 30.8700       250
 30.9000       272
 30.9300       262
 30.9600       262
 30.9900       253
 31.0200       262
 31.0500       276
 31.0800       259
 31.1100       266
 31.1400       240
 31.1700       246
 31.2000       246
 31.2300       243
 31.2600       262
 31.2900       250
 31.3200       240
 31.3500       259
 31.3800       279
 31.4100       303
 31.4400       266
 31.4700       279
 31.5000       279
 31.5300       272
 31.5600       272
 31.5900       269
 31.6200       286
 31.6500       286
 31.6800       313
 31.7100       286
 31.7400       331
 31.7700       276
 31.8000       299
 31.8300       289
 31.8600       279
 31.8900       286
 31.9200       306
 31.9500       289
 31.9800       282
 32.0100       276
 32.0400       272
 32.0700       296
 32.1000       306
 32.1300       299
 32.1600       306
 32.1900       320
 32.2200       335
 32.2500       296
 32.2800       313
 32.3100       313
 32.3400       310
 32.3700       303
 32.4000       320
 32.4300       303
 32.4600       303
 32.4900       313
 32.5200       324
 32.5500       292
 32.5800       313
 32.6100       303
 32.6400       306
 32.6700       303
 32.7000       313
 32.7300       317
 32.7600       310
 32.7900       279
 32.8200       306
 32.8500       320
 32.8800       317
 32.9100       346
 32.9400       313
 32.9700       339
 33.0000       328
 33.0300       317
 33.0600       335
 33.0900       335
 33.1200       335
 33.1500       331
 33.1800       317
 33.2100       361
 33.2400       350
 33.2700       361
 33.3000       339
 33.3300       372
 33.3600       331
 33.3900       380
 33.4200       320
 33.4500       353
 33.4800       357
 33.5100       361
 33.5400       342
 33.5700       376
 33.6000       388
 33.6300       372
 33.6600       365
 33.6900       342
 33.7200       380
 33.7500       365
 33.7800       384
 33.8100       380
 33.8400       372
 33.8700       384
 33.9000       412
 33.9300       388
 33.9600       384
 33.9900       392
 34.0200       388
 34.0500       428
 34.0800       384
 34.1100       396
 34.1400       441
 34.1700       433
 34.2000       408
 34.2300       480
 34.2600       484
 34.2900       437
 34.3200       445
 34.3500       441
 34.3800       471
 34.4100       445
 34.4400       475
 34.4700       511
 34.5000       484
 34.5300       497
 34.5600       471
 34.5900       502
 34.6200       458
 34.6500       480
 34.6800       543
 34.7100       445
 34.7400       484
 34.7700       475
 34.8000       529
 34.8300       454
 34.8600       471
 34.8900       497
 34.9200       511
 34.9500       538
 34.9800       529
 35.0100       529
 35.0400       488
 35.0700       520
 35.1000       538
 35.1300       557
 35.1600       543
 35.1900       543
 35.2200       534
 35.2500       605
 35.2800       562
 35.3100       605
 35.3400       630
 35.3700       610
 35.4000       576
 35.4300       581
 35.4600       630
 35.4900       581
 35.5200       615
 35.5500       645
 35.5800       595
 35.6100       595
 35.6400       686
 35.6700       676
 35.7000       660
 35.7300       660
 35.7600       676
 35.7900       686
 35.8200       692
 35.8500       724
 35.8800       740
 35.9100       650
 35.9400       697
 35.9700       784
 36.0000       767
 36.0300       767
 36.0600       751
 36.0900       745
 36.1200       767
 36.1500       773
 36.1800       812
 36.2100       812
 36.2400       835
 36.2700       812
 36.3000       853
 36.3300       818
 36.3600       829
 36.3900       864
 36.4200       841
 36.4500       835
 36.4800       936
 36.5100       888
 36.5400       936
 36.5700       955
 36.6000       918
 36.6300       992
 36.6600       942
 36.6900      1024
 36.7200       930
 36.7500      1018
 36.7800      1011
 36.8100      1056
 36.8400      1011
 36.8700      1037
 36.9000      1076
 36.9300      1056
 36.9600      1050
 36.9900      1069
 37.0200      1183
 37.0500      1204
 37.0800      1176
 37.1100      1183
 37.1400      1225
 37.1700      1218
 37.2000      1296
 37.2300      1325
 37.2600      1362
 37.2900      1414
 37.3200      1444
 37.3500      1529
 37.3800      1584
 37.4100      1756
 37.4400      1764
 37.4700      1892
 37.5000      2007
 37.5300      2034
 37.5600      2209
 37.5900      2266
 37.6200      2530
 37.6500      2735
 37.6800      3091
 37.7100      3352
 37.7400      3697
 37.7700      4147
 37.8000      4816
 37.8300      5506
 37.8600      6496
 37.8900      7656
 37.9200      9120
 37.9500     10795
 37.9800     13019
 38.0100     15203
 38.0400     18063
 38.0700     21316
 38.1000     24775
 38.1300     28056
 38.1600     31364
 38.1900     34670
 38.2200     36941
 38.2500     38809
 38.2800     40200
 38.3100     40602
 38.3400     39720
 38.3700     37675
 38.4000     35156
 38.4300     32472
 38.4600     29550
 38.4900     26276
 38.5200     22801
 38.5500     19853
 38.5800     16952
 38.6100     14496
 38.6400     12122
 38.6700     10020
 38.7000      8391
 38.7300      7225
 38.7600      6053
 38.7900      5127
 38.8200      4396
 38.8500      3956
 38.8800      3493
 38.9100      3125
 38.9400      2862
 38.9700      2510
 39.0000      2381
 39.0300      2181
 39.0600      2016
 39.0900      1936
 39.1200      1798
 39.1500      1747
 39.1800      1600
 39.2100      1452
 39.2400      1444
 39.2700      1444
 39.3000      1325
 39.3300      1296
 39.3600      1232
 39.3900      1109
 39.4200      1163
 39.4500      1109
 39.4800      1037
 39.5100      1030
 39.5400      1037
 39.5700      1005
 39.6000       936
 39.6300       955
 39.6600       924
 39.6900       847
 39.7200       912
 39.7500       888
 39.7800       801
 39.8100       858
 39.8400       882
 39.8700       829
 39.9000       795
 39.9300       835
 39.9600       745
 39.9900       729
 40.0200       745
 40.0500       751
 40.0800       692
 40.1100       692
 40.1400       697
 40.1700       745
 40.2000       660
 40.2300       650
 40.2600       692
 40.2900       650
 40.3200       655
 40.3500       650
 40.3800       625
 40.4100       630
 40.4400       620
 40.4700       595
 40.5000       635
 40.5300       615
 40.5600       586
 40.5900       562
 40.6200       534
 40.6500       571
 40.6800       600
 40.7100       610
 40.7400       529
 40.7700       576
 40.8000       529
 40.8300       543
 40.8600       557
 40.8900       497
 40.9200       557
 40.9500       552
 40.9800       497
 41.0100       548
 41.0400       480
 41.0700       543
 41.1000       534
 41.1300       566
 41.1600       538
 41.1900       548
 41.2200       511
 41.2500       484
 41.2800       543
 41.3100       497
 41.3400       493
 41.3700       548
 41.4000       488
 41.4300       511
 41.4600       467
 41.4900       506
 41.5200       557
 41.5500       484
 41.5800       502
 41.6100       488
 41.6400       497
 41.6700       497
 41.7000       529
 41.7300       534
 41.7600       475
 41.7900       515
 41.8200       493
 41.8500       493
 41.8800       497
 41.9100       524
 41.9400       529
 41.9700       534
 42.0000       520
 42.0300       506
 42.0600       502
 42.0900       497
 42.1200       493
 42.1500       502
 42.1800       484
 42.2100       534
 42.2400       524
 42.2700       506
 42.3000       524
 42.3300       538
 42.3600       511
 42.3900       515
 42.4200       520
 42.4500       515
 42.4800       543
 42.5100       524
 42.5400       467
 42.5700       511
 42.6000       529
 42.6300       557
 42.6600       543
 42.6900       506
 42.7200       520
 42.7500       543
 42.7800       534
 42.8100       538
 42.8400       524
 42.8700       557
 42.9000       557
 42.9300       552
 42.9600       552
 42.9900       548
 43.0200       562
 43.0500       566
 43.0800       595
 43.1100       562
 43.1400       635
 43.1700       635
 43.2000       645
 43.2300       640
 43.2600       645
 43.2900       671
 43.3200       713
 43.3500       708
 43.3800       697
 43.4100       713
 43.4400       734
 43.4700       807
 43.5000       818
 43.5300       864
 43.5600       888
 43.5900       912
 43.6200       900
 43.6500       980
 43.6800      1018
 43.7100      1122
 43.7400      1204
 43.7700      1239
 43.8000      1391
 43.8300      1482
 43.8600      1568
 43.8900      1823
 43.9200      2116
 43.9500      2304
 43.9800      2652
 44.0100      2820
 44.0400      3283
 44.0700      3684
 44.1000      4290
 44.1300      5041
 44.1600      5761
 44.1900      6593
 44.2200      7726
 44.2500      8874
 44.2800     10040
 44.3100     11406
 44.3400     12611
 44.3700     13806
 44.4000     14762
 44.4300     15575
 44.4600     16002
 44.4900     16487
 44.5200     16384
 44.5500     16307
 44.5800     15851
 44.6100     14933
 44.6400     14256
 44.6700     13456
 44.7000     12188
 44.7300     11130
 44.7600      9821
 44.7900      8761
 44.8200      7726
 44.8500      6806
 44.8800      5868
 44.9100      5027
 44.9400      4330
 44.9700      3856
 45.0000      3226
 45.0300      2788
 45.0600      2581
 45.0900      2218
 45.1200      1962
 45.1500      1739
 45.1800      1576
 45.2100      1444
 45.2400      1310
 45.2700      1225
 45.3000      1122
 45.3300      1136
 45.3600      1005
 45.3900       973
 45.4200       906
 45.4500       784
 45.4800       841
 45.5100       812
 45.5400       745
 45.5700       697
 45.6000       671
 45.6300       630
 45.6600       681
 45.6900       590
 45.7200       620
 45.7500       552
 45.7800       548
 45.8100       557
 45.8400       538
 45.8700       534
 45.9000       462
 45.9300       506
 45.9600       475
 45.9900       484
 46.0200       471
 46.0500       475
 46.0800       449
 46.1100       428
 46.1400       471
 46.1700       445
 46.2000       392
 46.2300       433
 46.2600       441
 46.2900       416
 46.3200       357
 46.3500       408
 46.3800       376
 46.4100       372
 46.4400       396
 46.4700       324
 46.5000       342
 46.5300       400
 46.5600       350
 46.5900       335
 46.6200       372
 46.6500       353
 46.6800       350
 46.7100       350
 46.7400       313
 46.7700       335
 46.8000       339
 46.8300       317
 46.8600       328
 46.8900       346
 46.9200       328
 46.9500       342
 46.9800       292
 47.0100       310
 47.0400       317
 47.0700       292
 47.1000       292
 47.1300       331
 47.1600       286
 47.1900       292
 47.2200       276
 47.2500       299
 47.2800       313
 47.3100       306
 47.3400       279
 47.3700       320
 47.4000       317
 47.4300       276
 47.4600       279
 47.4900       279
 47.5200       286
 47.5500       282
 47.5800       299
 47.6100       286
 47.6400       299
 47.6700       303
 47.7000       296
 47.7300       279
 47.7600       246
 47.7900       279
 47.8200       306
 47.8500       286
 47.8800       259
 47.9100       262
 47.9400       292
 47.9700       253
 48.0000       262
 48.0300       272
 48.0600       256
 48.0900       256
 48.1200       250
 48.1500       256
 48.1800       246
 48.2100       262
 48.2400       262
 48.2700       272
 48.3000       266
 48.3300       216
 48.3600       237
 48.3900       246
 48.4200       253
 48.4500       259
 48.4800       253
 48.5100       266
 48.5400       225
 48.5700       266
 48.6000       246
 48.6300       240
 48.6600       262
 48.6900       225
 48.7200       246
 48.7500       246
 48.7800       259
 48.8100       246
 48.8400       237
 48.8700       237
 48.9000       243
 48.9300       262
 48.9600       246
 48.9900       262
 49.0200       228
 49.0500       222
 49.0800       234
 49.1100       228
 49.1400       246
 49.1700       216
 49.2000       225
 49.2300       225
 49.2600       231
 49.2900       246
 49.3200       234
 49.3500       240
 49.3800       219
 49.4100       256
 49.4400       207
 49.4700       193
 49.5000       228
 49.5300       225
 49.5600       225
 49.5900       240
 49.6200       234
 49.6500       256
 49.6800       219
 49.7100       228
 49.7400       231
 49.7700       250
 49.8000       225
 49.8300       243
 49.8600       222
 49.8900       250
 49.9200       210
 49.9500       210
 49.9800       210
 50.0100       207
 50.0400       243
 50.0700       250
 50.1000       225
 50.1300       231
 50.1600       225
 50.1900       228
 50.2200       213
 50.2500       213
 50.2800       213
 50.3100       207
 50.3400       234
 50.3700       216
 50.4000       225
 50.4300       188
 50.4600       216
 50.4900       207
 50.5200       222
 50.5500       216
 50.5800       193
 50.6100       228
 50.6400       207
 50.6700       225
 50.7000       222
 50.7300       216
 50.7600       231
 50.7900       199
 50.8200       234
 50.8500       237
 50.8800       213
 50.9100       228
 50.9400       199
 50.9700       202
 51.0000       222
 51.0300       225
 51.0600       228
 51.0900       216
 51.1200       204
 51.1500       234
 51.1800       210
 51.2100       231
 51.2400       204
 51.2700       219
 51.3000       207
 51.3300       180
 51.3600       193
 51.3900       210
 51.4200       225
 51.4500       213
 51.4800       237
 51.5100       213
 51.5400       222
 51.5700       210
 51.6000       190
 51.6300       202
 51.6600       219
 51.6900       202
 51.7200       213
 51.7500       199
 51.7800       213
 51.8100       216
 51.8400       216
 51.8700       246
 51.9000       216
 51.9300       193
 51.9600       202
 51.9900       210
 52.0200       204
 52.0500       234
 52.0800       188
 52.1100       207
 52.1400       228
 52.1700       222
 52.2000       210
 52.2300       216
 52.2600       231
 52.2900       228
 52.3200       207
 52.3500       182
 52.3800       237
 52.4100       216
 52.4400       207
 52.4700       196
 52.5000       202
 52.5300       231
 52.5600       213
 52.5900       213
 52.6200       182
 52.6500       228
 52.6800       213
 52.7100       219
 52.7400       213
 52.7700       234
 52.8000       216
 52.8300       231
 52.8600       199
 52.8900       213
 52.9200       219
 52.9500       196
 52.9800       231
 53.0100       216
 53.0400       188
 53.0700       222
 53.1000       202
 53.1300       228
 53.1600       196
 53.1900       207
 53.2200       213
 53.2500       213
 53.2800       207
 53.3100       196
 53.3400       234
 53.3700       210
 53.4000       199
 53.4300       196
 53.4600       199
 53.4900       202
 53.5200       210
 53.5500       199
 53.5800       199
 53.6100       219
 53.6400       199
 53.6700       188
 53.7000       231
 53.7300       210
 53.7600       207
 53.7900       199
 53.8200       193
 53.8500       188
 53.8800       190
 53.9100       193
 53.9400       207
 53.9700       199
 54.0000       204
 54.0300       222
 54.0600       216
 54.0900       222
 54.1200       188
 54.1500       207
 54.1800       210
 54.2100       231
 54.2400       190
 54.2700       207
 54.3000       204
 54.3300       225
 54.3600       225
 54.3900       225
 54.4200       204
 54.4500       193
 54.4800       228
 54.5100       210
 54.5400       228
 54.5700       207
 54.6000       228
 54.6300       213
 54.6600       222
 54.6900       243
 54.7200       222
 54.7500       207
 54.7800       216
 54.8100       240
 54.8400       216
 54.8700       204
 54.9000       231
 54.9300       207
 54.9600       216
 54.9900       240
 55.0200       231
 55.0500       228
 55.0800       219
 55.1100       228
 55.1400       216
 55.1700       210
 55.2000       228
 55.2300       231
 55.2600       216
 55.2900       199
 55.3200       256
 55.3500       231
 55.3800       216
 55.4100       225
 55.4400       213
 55.4700       207
 55.5000       213
 55.5300       213
 55.5600       234
 55.5900       216
 55.6200       216
 55.6500       207
 55.6800       202
 55.7100       228
 55.7400       222
 55.7700       204
 55.8000       207
 55.8300       222
 55.8600       216
 55.8900       204
 55.9200       204
 55.9500       199
 55.9800       188
 56.0100       199
 56.0400       219
 56.0700       204
 56.1000       207
 56.1300       207
 56.1600       190
 56.1900       185
 56.2200       213
 56.2500       237
 56.2800       225
 56.3100       219
 56.3400       213
 56.3700       240
 56.4000       207
 56.4300       207
 56.4600       204
 56.4900       202
 56.5200       222
 56.5500       190
 56.5800       216
 56.6100       210
 56.6400       207
 56.6700       216
 56.7000       222
 56.7300       213
 56.7600       213
 56.7900       219
 56.8200       225
 56.8500       196
 56.8800       213
 56.9100       231
 56.9400       228
 56.9700       225
 57.0000       225
 57.0300       219
 57.0600       207
 57.0900       228
 57.1200       213
 57.1500       210
 57.1800       216
 57.2100       202
 57.2400       219
 57.2700       225
 57.3000       219
 57.3300       225
 57.3600       237
 57.3900       202
 57.4200       231
 57.4500       240
 57.4800       219
 57.5100       225
 57.5400       250
 57.5700       219
 57.6000       240
 57.6300       219
 57.6600       240
 57.6900       240
 57.7200       225
 57.7500       225
 57.7800       237
 57.8100       240
 57.8400       231
 57.8700       253
 57.9000       222
 57.9300       243
 57.9600       219
 57.9900       243
 58.0200       228
 58.0500       240
 58.0800       253
 58.1100       234
 58.1400       231
 58.1700       243
 58.2000       228
 58.2300       228
 58.2600       243
 58.2900       240
 58.3200       225
 58.3500       250
 58.3800       234
 58.4100       228
 58.4400       204
 58.4700       259
 58.5000       225
 58.5300       207
 58.5600       210
 58.5900       253
 58.6200       237
 58.6500       219
 58.6800       237
 58.7100       234
 58.7400       219
 58.7700       256
 58.8000       256
 58.8300       234
 58.8600       243
 58.8900       237
 58.9200       262
 58.9500       225
 58.9800       216
 59.0100       243
 59.0400       246
 59.0700       243
 59.1000       243
 59.1300       246
 59.1600       259
 59.1900       259
 59.2200       234
 59.2500       276
 59.2800       237
 59.3100       253
 59.3400       253
 59.3700       246
 59.4000       256
 59.4300       250
 59.4600       266
 59.4900       240
 59.5200       231
 59.5500       253
 59.5800       240
 59.6100       259
 59.6400       259
 59.6700       256
 59.7000       202
 59.7300       253
 59.7600       246
 59.7900       269
 59.8200       240
 59.8500       237
 59.8800       228
 59.9100       262
 59.9400       276
 59.9700       219
 60.0000       276
 60.0300       262
 60.0600       243
 60.0900       266
 60.1200       266
 60.1500       243
 60.1800       292
 60.2100       306
 60.2400       243
 60.2700       250
 60.3000       272
 60.3300       269
 60.3600       250
 60.3900       231
 60.4200       262
 60.4500       259
 60.4800       253
 60.5100       246
 60.5400       262
 60.5700       289
 60.6000       222
 60.6300       253
 60.6600       292
 60.6900       282
 60.7200       266
 60.7500       246
 60.7800       253
 60.8100       292
 60.8400       240
 60.8700       282
 60.9000       292
 60.9300       262
 60.9600       262
 60.9900       259
 61.0200       276
 61.0500       259
 61.0800       286
 61.1100       269
 61.1400       279
 61.1700       317
 61.2000       292
 61.2300       272
 61.2600       299
 61.2900       296
 61.3200       299
 61.3500       296
 61.3800       279
 61.4100       313
 61.4400       299
 61.4700       313
 61.5000       306
 61.5300       331
 61.5600       324
 61.5900       313
 61.6200       331
 61.6500       292
 61.6800       328
 61.7100       339
 61.7400       346
 61.7700       331
 61.8000       306
 61.8300       335
 61.8600       328
 61.8900       339
 61.9200       335
 61.9500       313
 61.9800       331
 62.0100       339
 62.0400       380
 62.0700       313
 62.1000       335
 62.1300       346
 62.1600       365
 62.1900       331
 62.2200       320
 62.2500       380
 62.2800       339
 62.3100       335
 62.3400       346
 62.3700       350
 62.4000       357
 62.4300       392
 62.4600       350
 62.4900       372
 62.5200       339
 62.5500       380
 62.5800       365
 62.6100       372
 62.6400       369
 62.6700       420
 62.7000       376
 62.7300       380
 62.7600       388
 62.7900       388
 62.8200       365
 62.8500       392
 62.8800       376
 62.9100       369
 62.9400       412
 62.9700       408
 63.0000       424
 63.0300       408
 63.0600       458
 63.0900       433
 63.1200       396
 63.1500       445
 63.1800       458
 63.2100       441
 63.2400       445
 63.2700       462
 63.3000       497
 63.3300       467
 63.3600       534
 63.3900       506
 63.4200       502
 63.4500       506
 63.4800       548
 63.5100       534
 63.5400       581
 63.5700       562
 63.6000       645
 63.6300       655
 63.6600       615
 63.6900       625
 63.7200       751
 63.7500       751
 63.7800       729
 63.8100       745
 63.8400       795
 63.8700       870
 63.9000       912
 63.9300       992
 63.9600      1142
 63.9900      1142
 64.0200      1332
 64.0500      1332
 64.0800      1475
 64.1100      1714
 64.1400      1832
 64.1700      1998
 64.2000      2266
 64.2300      2520
 64.2600      2663
 64.2900      3080
 64.3200      3352
 64.3500      3782
 64.3800      4160
 64.4100      4570
 64.4400      4900
 64.4700      5388
 64.5000      5914
 64.5300      6209
 64.5600      6691
 64.5900      7073
 64.6200      7191
 64.6500      7259
 64.6800      7674
 64.7100      7586
 64.7400      7482
 64.7700      7534
 64.8000      7259
 64.8300      7191
 64.8600      6972
 64.8900      6773
 64.9200      6336
 64.9500      6178
 64.9800      5822
 65.0100      5491
 65.0400      5127
 65.0700      4872
 65.1000      4436
 65.1300      4147
 65.1600      3807
 65.1900      3588
 65.2200      3215
 65.2500      2948
 65.2800      2704
 65.3100      2470
 65.3400      2125
 65.3700      1918
 65.4000      1806
 65.4300      1592
 65.4600      1537
 65.4900      1414
 65.5200      1310
 65.5500      1190
 65.5800      1043
 65.6100      1076
 65.6400       973
 65.6700       900
 65.7000       900
 65.7300       824
 65.7600       812
 65.7900       773
 65.8200       724
 65.8500       713
 65.8800       718
 65.9100       681
 65.9400       650
 65.9700       650
 66.0000       640
 66.0300       610
 66.0600       630
 66.0900       586
 66.1200       595
 66.1500       543
 66.1800       534
 66.2100       515
 66.2400       520
 66.2700       520
 66.3000       471
 66.3300       493
 66.3600       493
 66.3900       484
 66.4200       475
 66.4500       471
 66.4800       454
 66.5100       458
 66.5400       471
 66.5700       454
 66.6000       437
 66.6300       458
 66.6600       412
 66.6900       424
 66.7200       420
 66.7500       392
 66.7800       437
 66.8100       433
 66.8400       437
 66.8700       424
 66.9000       412
 66.9300       428
 66.9600       408
 66.9900       416
 67.0200       428
 67.0500       361
 67.0800       357
 67.1100       400
 67.1400       372
 67.1700       388
 67.2000       388
 67.2300       380
 67.2600       350
 67.2900       400
 67.3200       388
 67.3500       372
 67.3800       361
 67.4100       350
 67.4400       365
 67.4700       346
 67.5000       380
 67.5300       369
 67.5600       357
 67.5900       350
 67.6200       384
 67.6500       372
 67.6800       376
 67.7100       346
 67.7400       346
 67.7700       357
 67.8000       324
 67.8300       342
 67.8600       376
 67.8900       328
 67.9200       331
 67.9500       353
 67.9800       350
 68.0100       350
 68.0400       365
 68.0700       357
 68.1000       339
 68.1300       328
 68.1600       357
 68.1900       339
 68.2200       328
 68.2500       320
 68.2800       350
 68.3100       335
 68.3400       317
 68.3700       331
 68.4000       313
 68.4300       357
 68.4600       357
 68.4900       365
 68.5200       317
 68.5500       313
 68.5800       306
 68.6100       353
 68.6400       376
 68.6700       346
 68.7000       324
 68.7300       342
 68.7600       335
 68.7900       335
 68.8200       350
 68.8500       342
 68.8800       324
 68.9100       350
 68.9400       292
 68.9700       335
 69.0000       328
 69.0300       313
 69.0600       335
 69.0900       320
 69.1200       335
 69.1500       303
 69.1800       328
 69.2100       310
 69.2400       292
 69.2700       380
 69.3000       342
 69.3300       310
 69.3600       331
 69.3900       296
 69.4200       289
 69.4500       317
 69.4800       289
 69.5100       350
 69.5400       313
 69.5700       310
 69.6000       317
 69.6300       306
 69.6600       306
 69.6900       328
 69.7200       328
 69.7500       335
 69.7800       306
 69.8100       303
 69.8400       292
 69.8700       310
 69.9000       335
 69.9300       292
 69.9600       324
 69.9900       317
 70.0200       292
 70.0500       331
 70.0800       292
 70.1100       286
 70.1400       292
 70.1700       317
 70.2000       292
 70.2300       282
 70.2600       286
 70.2900       335
 70.3200       272
 70.3500       303
 70.3800       310
 70.4100       272
 70.4400       303
 70.4700       289
 70.5000       328
 70.5300       303
 70.5600       303
 70.5900       292
 70.6200       313
 70.6500       272
 70.6800       289
 70.7100       292
 70.7400       299
 70.7700       292
 70.8000       317
 70.8300       303
 70.8600       303
 70.8900       310
 70.9200       310
 70.9500       313
 70.9800       303
 71.0100       286
 71.0400       276
 71.0700       292
 71.1000       324
 71.1300       335
 71.1600       313
 71.1900       289
 71.2200       279
 71.2500       324
 71.2800       320
 71.3100       306
 71.3400       317
 71.3700       350
 71.4000       292
 71.4300       299
 71.4600       279
 71.4900       299
 71.5200       313
 71.5500       299
 71.5800       279
 71.6100       306
 71.6400       313
 71.6700       310
 71.7000       317
 71.7300       272
 71.7600       262
 71.7900       289
 71.8200       296
 71.8500       296
 71.8800       303
 71.9100       282
 71.9400       272
 71.9700       289
 72.0000       262
 72.0300       279
 72.0600       272
 72.0900       313
 72.1200       342
 72.1500       292
 72.1800       276
 72.2100       303
 72.2400       303
 72.2700       328
 72.3000       339
 72.3300       310
 72.3600       313
 72.3900       313
 72.4200       286
 72.4500       303
 72.4800       289
 72.5100       292
 72.5400       317
 72.5700       279
 72.6000       303
 72.6300       289
 72.6600       335
 72.6900       269
 72.7200       324
 72.7500       335
 72.7800       286
 72.8100       328
 72.8400       282
 72.8700       282
 72.9000       317
 72.9300       320
 72.9600       292
 72.9900       317
 73.0200       328
 73.0500       317
 73.0800       324
 73.1100       303
 73.1400       299
 73.1700       306
 73.2000       328
 73.2300       306
 73.2600       335
 73.2900       306
 73.3200       328
 73.3500       292
 73.3800       328
 73.4100       335
 73.4400       320
 73.4700       339
 73.5000       292
 73.5300       342
 73.5600       306
 73.5900       292
 73.6200       335
 73.6500       328
 73.6800       310
 73.7100       310
 73.7400       313
 73.7700       306
 73.8000       342
 73.8300       310
 73.8600       339
 73.8900       339
 73.9200       342
 73.9500       331
 73.9800       339
 74.0100       328
 74.0400       350
 74.0700       320
 74.1000       335
 74.1300       346
 74.1600       328
 74.1900       296
 74.2200       331
 74.2500       357
 74.2800       365
 74.3100       324
 74.3400       317
 74.3700       324
 74.4000       313
 74.4300       342
 74.4600       357
 74.4900       306
 74.5200       357
 74.5500       324
 74.5800       353
 74.6100       365
 74.6400       346
 74.6700       328
 74.7000       361
 74.7300       350
 74.7600       342
 74.7900       357
 74.8200       365
 74.8500       350
 74.8800       384
 74.9100       313
 74.9400       346
 74.9700       372
 75.0000       380
 75.0300       376
 75.0600       369
 75.0900       369
 75.1200       361
 75.1500       320
 75.1800       365
 75.2100       365
 75.2400       376
 75.2700       350
 75.3000       376
 75.3300       353
 75.3600       361
 75.3900       335
 75.4200       357
 75.4500       353
 75.4800       388
 75.5100       380
 75.5400       369
 75.5700       376
 75.6000       420
 75.6300       428
 75.6600       376
 75.6900       445
 75.7200       369
 75.7500       437
 75.7800       369
 75.8100       416
 75.8400       458
 75.8700       428
 75.9000       467
 75.9300       449
 75.9600       475
 75.9900       471
 76.0200       458
 76.0500       462
 76.0800       497
 76.1100       454
 76.1400       538
 76.1700       480
 76.2000       520
 76.2300       548
 76.2600       543
 76.2900       548
 76.3200       543
 76.3500       600
 76.3800       552
 76.4100       566
 76.4400       605
 76.4700       620
 76.5000       620
 76.5300       630
 76.5600       734
 76.5900       686
 76.6200       713
 76.6500       773
 76.6800       888
 76.7100       841
 76.7400       888
 76.7700       955
 76.8000       955
 76.8300      1050
 76.8600      1163
 76.8900      1246
 76.9200      1296
 76.9500      1391
 76.9800      1436
 77.0100      1632
 77.0400      1697
 77.0700      1858
 77.1000      2052
 77.1300      2256
 77.1600      2401
 77.1900      2611
 77.2200      2873
 77.2500      3170
 77.2800      3399
 77.3100      3733
 77.3400      3982
 77.3700      4330
 77.4000      4720
 77.4300      5055
 77.4600      5285
 77.4900      5565
 77.5200      5852
 77.5500      6100
 77.5800      6194
 77.6100      6352
 77.6400      6724
 77.6700      6577
 77.7000      6642
 77.7300      6561
 77.7600      6626
 77.7900      6675
 77.8200      6577
 77.8500      6448
 77.8800      6241
 77.9100      5960
 77.9400      5868
 77.9700      5730
 78.0000      5550
 78.0300      5213
 78.0600      5041
 78.0900      4747
 78.1200      4651
 78.1500      4436
 78.1800      4160
 78.2100      3832
 78.2400      3807
 78.2700      3469
 78.3000      3181
 78.3300      2916
 78.3600      2756
 78.3900      2560
 78.4200      2381
 78.4500      2228
 78.4800      2079
 78.5100      1936
 78.5400      1764
 78.5700      1665
 78.6000      1584
 78.6300      1482
 78.6600      1325
 78.6900      1260
 78.7200      1183
 78.7500      1129
 78.7800      1056
 78.8100       973
 78.8400       930
 78.8700       906
 78.9000       882
 78.9300       847
 78.9600       784
 78.9900       795
 79.0200       718
 79.0500       784
 79.0800       702
 79.1100       676
 79.1400       620
 79.1700       630
 79.2000       635
 79.2300       576
 79.2600       562
 79.2900       571
 79.3200       581
 79.3500       497
 79.3800       562
 79.4100       520
 79.4400       552
 79.4700       515
 79.5000       480
 79.5300       493
 79.5600       484
 79.5900       471
 79.6200       480
 79.6500       480
 79.6800       408
 79.7100       471
 79.7400       400
 79.7700       454
 79.8000       437
 79.8300       467
 79.8600       441
 79.8900       462
 79.9200       416
 79.9500       416
 79.9800       437
 80.0100       458
 80.0400       408
 80.0700       428
 80.1000       400
 80.1300       441
 80.1600       400
 80.1900       424
 80.2200       392
 80.2500       416
 80.2800       396
 80.3100       424
 80.3400       420
 80.3700       408
 80.4000       445
 80.4300       404
 80.4600       449
 80.4900       412
 80.5200       416
 80.5500       428
 80.5800       428
 80.6100       441
 80.6400       454
 80.6700       400
 80.7000       424
 80.7300       441
 80.7600       441
 80.7900       420
 80.8200       458
 80.8500       475
 80.8800       467
 80.9100       497
 80.9400       502
 80.9700       548
 81.0000       557
 81.0300       566
 81.0600       571
 81.0900       557
 81.1200       615
 81.1500       650
 81.1800       645
 81.2100       751
 81.2400       812
 81.2700       847
 81.3000       835
 81.3300       918
 81.3600       900
 81.3900      1056
 81.4200      1170
 81.4500      1170
 81.4800      1325
 81.5100      1369
 81.5400      1513
 81.5700      1513
 81.6000      1632
 81.6300      1706
 81.6600      1781
 81.6900      1798
 81.7200      1954
 81.7500      2007
 81.7800      1918
 81.8100      1998
 81.8400      2079
 81.8700      2098
 81.9000      2025
 81.9300      2079
 81.9600      2052
 81.9900      1980
 82.0200      1962
 82.0500      1954
 82.0800      1945
 82.1100      1815
 82.1400      1798
 82.1700      1823
 82.2000      1632
 82.2300      1576
 82.2600      1513
 82.2900      1421
 82.3200      1391
 82.3500      1384
 82.3800      1332
 82.4100      1253
 82.4400      1197
 82.4700      1069
 82.5000      1063
 82.5300      1056
 82.5600       955
 82.5900       955
 82.6200       864
 82.6500       835
 82.6800       745
 82.7100       676
 82.7400       718
 82.7700       615
 82.8000       625
 82.8300       557
 82.8600       595
 82.8900       538
 82.9200       511
 82.9500       454
 82.9800       467
 83.0100       449
 83.0400       408
 83.0700       441
 83.1000       441
 83.1300       400
 83.1600       361
 83.1900       384
 83.2200       400
 83.2500       346
 83.2800       365
 83.3100       357
 83.3400       350
 83.3700       342
 83.4000       331
 83.4300       342
 83.4600       339
 83.4900       353
 83.5200       320
 83.5500       324
 83.5800       292
 83.6100       350
 83.6400       324
 83.6700       328
 83.7000       328
 83.7300       266
 83.7600       320
 83.7900       306
 83.8200       282
 83.8500       299
 83.8800       306
 83.9100       289
 83.9400       324
 83.9700       282
 84.0000       310
 84.0300       292
 84.0600       269
 84.0900       286
 84.1200       269
 84.1500       262
 84.1800       286
 84.2100       259
 84.2400       296
 84.2700       282
 84.3000       269
 84.3300       276
 84.3600       246
 84.3900       279
 84.4200       276
 84.4500       279
 84.4800       250
 84.5100       246
 84.5400       279
 84.5700       272
 84.6000       240
 84.6300       276
 84.6600       256
 84.6900       234
 84.7200       269
 84.7500       272
 84.7800       234
 84.8100       250
 84.8400       266
 84.8700       243
 84.9000       246
 84.9300       253
 84.9600       246
 84.9900       243
 85.0200       222
 85.0500       286
 85.0800       259
 85.1100       240
 85.1400       246
 85.1700       266
 85.2000       246
 85.2300       243
 85.2600       253
 85.2900       225
 85.3200       286
 85.3500       253
 85.3800       256
 85.4100       246
 85.4400       259
 85.4700       210
 85.5000       243
 85.5300       246
 85.5600       231
 85.5900       250
 85.6200       237
 85.6500       237
 85.6800       237
 85.7100       246
 85.7400       269
 85.7700       213
 85.8000       246
 85.8300       243
 85.8600       210
 85.8900       219
 85.9200       228
 85.9500       219
 85.9800       240
 86.0100       250
 86.0400       213
 86.0700       222
 86.1000       234
 86.1300       237
 86.1600       213
 86.1900       222
 86.2200       234
 86.2500       231
 86.2800       219
 86.3100       234
 86.3400       240
 86.3700       240
 86.4000       213
 86.4300       234
 86.4600       225
 86.4900       256
 86.5200       228
 86.5500       199
 86.5800       222
 86.6100       228
 86.6400       234
 86.6700       237
 86.7000       202
 86.7300       231
 86.7600       246
 86.7900       225
 86.8200       219
 86.8500       216
 86.8800       207
 86.9100       202
 86.9400       219
 86.9700       222
 87.0000       243
 87.0300       256
 87.0600       225
 87.0900       228
 87.1200       228
 87.1500       225
 87.1800       237
 87.2100       225
 87.2400       207
 87.2700       231
 87.3000       225
 87.3300       188
 87.3600       216
 87.3900       228
 87.4200       240
 87.4500       190
 87.4800       207
 87.5100       207
 87.5400       222
 87.5700       222
 87.6000       213
 87.6300       222
 87.6600       207
 87.6900       210
 87.7200       216
 87.7500       216
 87.7800       225
 87.8100       228
 87.8400       210
 87.8700       213
 87.9000       228
 87.9300       237
 87.9600       207
 87.9900       190
 88.0200       210
 88.0500       231
 88.0800       216
 88.1100       207
 88.1400       219
 88.1700       216
 88.2000       204
 88.2300       222
 88.2600       219
 88.2900       216
 88.3200       207
 88.3500       222
 88.3800       196
 88.4100       193
 88.4400       196
 88.4700       216
 88.5000       216
 88.5300       216
 88.5600       202
 88.5900       237
 88.6200       210
 88.6500       256
 88.6800       196
 88.7100       188
 88.7400       216
 88.7700       193
 88.8000       202
 88.8300       207
 88.8600       177
 88.8900       213
 88.9200       219
 88.9500       213
 88.9800       216
 89.0100       193
 89.0400       207
 89.0700       222
 89.1000       199
 89.1300       234
 89.1600       219
 89.1900       210
 89.2200       210
 89.2500       213
 89.2800       207
 89.3100       225
 89.3400       213
 89.3700       210
 89.4000       210
 89.4300       207
 89.4600       213
 89.4900       188
 89.5200       199
 89.5500       193
 89.5800       193
 89.6100       213
 89.6400       219
 89.6700       196
 89.7000       202
 89.7300       204
 89.7600       185
 89.7900       216
 89.8200       204
 89.8500       207
 89.8800       213
 89.9100       188
 89.9400       213
 89.9700       231
 90.0000       193
 90.0300       199
 90.0600       204
 90.0900       202
 90.1200       199
 90.1500       207
 90.1800       210
 90.2100       204
 90.2400       204
 90.2700       174
 90.3000       225
 90.3300       185
 90.3600       202
 90.3900       196
 90.4200       190
 90.4500       190
 90.4800       213
 90.5100       207
 90.5400       185
 90.5700       213
 90.6000       188
 90.6300       199
 90.6600       216
 90.6900       234
 90.7200       207
 90.7500       207
 90.7800       190
 90.8100       222
 90.8400       219
 90.8700       202
 90.9000       180
 90.9300       196
 90.9600       185
 90.9900       190
 91.0200       182
 91.0500       213
 91.0800       222
 91.1100       202
 91.1400       213
 91.1700       185
 91.2000       222
 91.2300       204
 91.2600       193
 91.2900       204
 91.3200       210
 91.3500       216
 91.3800       193
 91.4100       199
 91.4400       188
 91.4700       190
 91.5000       193
 91.5300       216
 91.5600       193
 91.5900       180
 91.6200       177
 91.6500       207
 91.6800       190
 91.7100       177
 91.7400       182
 91.7700       210
 91.8000       202
 91.8300       202
 91.8600       210
 91.8900       196
 91.9200       177
 91.9500       213
 91.9800       199
 92.0100       193
 92.0400       207
 92.0700       174
 92.1000       210
 92.1300       193
 92.1600       182
 92.1900       196
 92.2200       188
 92.2500       199
 92.2800       185
 92.3100       177
 92.3400       216
 92.3700       219
 92.4000       174
 92.4300       202
 92.4600       196
 92.4900       196
 92.5200       207
 92.5500       174
 92.5800       180
 92.6100       188
 92.6400       182
 92.6700       202
 92.7000       196
 92.7300       207
 92.7600       204
 92.7900       193
 92.8200       213
 92.8500       193
 92.8800       225
 92.9100       219
 92.9400       185
 92.9700       202
 93.0000       202
 93.0300       202
 93.0600       190
 93.0900       213
 93.1200       240
 93.1500       216
 93.1800       172
 93.2100       207
 93.2400       199
 93.2700       210
 93.3000       193
 93.3300       199
 93.3600       207
 93.3900       204
 93.4200       188
 93.4500       213
 93.4800       216
 93.5100       207
 93.5400       202
 93.5700       190
 93.6000       204
 93.6300       202
 93.6600       177
 93.6900       193
 93.7200       190
 93.7500       188
 93.7800       190
 93.8100       207
 93.8400       207
 93.8700       182
 93.9000       196
 93.9300       196
 93.9600       196
 93.9900       185
 94.0200       188
 94.0500       199
 94.0800       210
 94.1100       193
 94.1400       190
 94.1700       199
 94.2000       202
 94.2300       199
 94.2600       204
 94.2900       207
 94.3200       185
 94.3500       182
 94.3800       213
 94.4100       207
 94.4400       193
 94.4700       190
 94.5000       182
 94.5300       174
 94.5600       207
 94.5900       190
 94.6200       196
 94.6500       199
 94.6800       207
 94.7100       199
 94.7400       207
 94.7700       188
 94.8000       213
 94.8300       193
 94.8600       207
 94.8900       202
 94.9200       207
 94.9500       207
 94.9800       193
 95.0100       210
 95.0400       196
 95.0700       219
 95.1000       202
 95.1300       207
 95.1600       196
 95.1900       210
 95.2200       213
 95.2500       222
 95.2800       199
 95.3100       202
 95.3400       222
 95.3700       199
 95.4000       204
 95.4300       216
 95.4600       219
 95.4900       196
 95.5200       213
 95.5500       216
 95.5800       196
 95.6100       193
 95.6400       228
 95.6700       213
 95.7000       207
 95.7300       210
 95.7600       222
 95.7900       199
 95.8200       234
 95.8500       185
 95.8800       207
 95.9100       222
 95.9400       216
 95.9700       216
 96.0000       240
 96.0300       225
 96.0600       216
 96.0900       213
 96.1200       204
 96.1500       228
 96.1800       216
 96.2100       246
 96.2400       225
 96.2700       240
 96.3000       210
 96.3300       210
 96.3600       243
 96.3900       219
 96.4200       216
 96.4500       246
 96.4800       253
 96.5100       237
 96.5400       222
 96.5700       250
 96.6000       234
 96.6300       246
 96.6600       240
 96.6900       231
 96.7200       240
 96.7500       240
 96.7800       240
 96.8100       262
 96.8400       243
 96.8700       250
 96.9000       282
 96.9300       240
 96.9600       237
 96.9900       246
 97.0200       262
 97.0500       228
 97.0800       313
 97.1100       282
 97.1400       282
 97.1700       310
 97.2000       282
 97.2300       289
 97.2600       306
 97.2900       335
 97.3200       328
 97.3500       320
 97.3800       350
 97.4100       339
 97.4400       346
 97.4700       392
 97.5000       408
 97.5300       404
 97.5600       445
 97.5900       408
 97.6200       454
 97.6500       445
 97.6800       497
 97.7100       511
 97.7400       538
 97.7700       590
 97.8000       600
 97.8300       586
 97.8600       581
 97.8900       671
 97.9200       645
 97.9500       666
 97.9800       713
 98.0100       713
 98.0400       734
 98.0700       756
 98.1000       818
 98.1300       790
 98.1600       756
 98.1900       773
 98.2200       773
 98.2500       829
 98.2800       784
 98.3100       812
 98.3400       795
 98.3700       784
 98.4000       778
 98.4300       773
 98.4600       784
 98.4900       812
 98.5200       718
 98.5500       724
 98.5800       767
 98.6100       745
 98.6400       676
 98.6700       740
 98.7000       718
 98.7300       650
 98.7600       650
 98.7900       655
 98.8200       650
 98.8500       620
 98.8800       640
 98.9100       590
 98.9400       605
 98.9700       562
 99.0000       557
 99.0300       524
 99.0600       524
 99.0900       502
 99.1200       471
 99.1500       488
 99.1800       454
 99.2100       454
 99.2400       445
 99.2700       420
 99.3000       400
 99.3300       404
 99.3600       424
 99.3900       376
 99.4200       342
 99.4500       331
 99.4800       324
 99.5100       320
 99.5400       357
 99.5700       392
 99.6000       306
 99.6300       317
 99.6600       282
 99.6900       292
 99.7200       306
 99.7500       313
 99.7800       292
 99.8100       292
 99.8400       299
 99.8700       276
 99.9000       276
 99.9300       272
 99.9600       282
 99.9900       250
100.0200       246
100.0500       259
100.0800       266
100.1100       292
100.1400       262
100.1700       262
100.2000       228
100.2300       237
100.2600       246
100.2900       243
100.3200       240
100.3500       225
100.3800       237
100.4100       222
100.4400       219
100.4700       225
100.5000       225
100.5300       256
100.5600       237
100.5900       222
100.6200       225
100.6500       243
100.6800       210
100.7100       253
100.7400       196
100.7700       225
100.8000       231
100.8300       237
100.8600       256
100.8900       237
100.9200       234
100.9500       228
100.9800       253
101.0100       225
101.0400       262
101.0700       231
101.1000       246
101.1300       222
101.1600       213
101.1900       256
101.2200       216
101.2500       222
101.2800       228
101.3100       216
101.3400       216
101.3700       204
101.4000       228
101.4300       219
101.4600       207
101.4900       213
101.5200       225
101.5500       243
101.5800       202
101.6100       228
101.6400       216
101.6700       225
101.7000       202
101.7300       199
101.7600       259
101.7900       216
101.8200       219
101.8500       222
101.8800       216
101.9100       234
101.9400       196
101.9700       216
102.0000       228
102.0300       225
102.0600       222
102.0900       237
102.1200       237
102.1500       240
102.1800       202
102.2100       225
102.2400       219
102.2700       219
102.3000       219
102.3300       231
102.3600       240
102.3900       207
102.4200       231
102.4500       216
102.4800       240
102.5100       237
102.5400       210
102.5700       193
102.6000       231
102.6300       237
102.6600       219
102.6900       237
102.7200       216
102.7500       202
102.7800       250
102.8100       259
102.8400       219
102.8700       207
102.9000       243
102.9300       231
102.9600       219
102.9900       237
103.0200       237
103.0500       243
103.0800       243
103.1100       237
103.1400       234
103.1700       234
103.2000       246
103.2300       228
103.2600       237
103.2900       222
103.3200       225
103.3500       246
103.3800       222
103.4100       216
103.4400       199
103.4700       259
103.5000       234
103.5300       253
103.5600       262
103.5900       222
103.6200       234
103.6500       222
103.6800       250
103.7100       250
103.7400       272
103.7700       207
103.8000       237
103.8300       266
103.8600       250
103.8900       237
103.9200       256
103.9500       253
103.9800       246
104.0100       231
104.0400       237
104.0700       253
104.1000       225
104.1300       240
104.1600       216
104.1900       253
104.2200       266
104.2500       222
104.2800       262
104.3100       216
104.3400       222
104.3700       213
104.4000       243
104.4300       222
104.4600       228
104.4900       243
104.5200       246
104.5500       250
104.5800       225
104.6100       250
104.6400       256
104.6700       225
104.7000       228
104.7300       231
104.7600       246
104.7900       246
104.8200       210
104.8500       243
104.8800       250
104.9100       246
104.9400       237
104.9700       234
105.0000       253
105.0300       231
105.0600       240
105.0900       262
105.1200       276
105.1500       225
105.1800       222
105.2100       240
105.2400       262
105.2700       262
105.3000       240
105.3300       225
105.3600       243
105.3900       246
105.4200       253
105.4500       228
105.4800       216
105.5100       240
105.5400       228
105.5700       259
105.6000       243
105.6300       222
105.6600       225
105.6900       272
105.7200       269
105.7500       246
105.7800       262
105.8100       262
105.8400       262
105.8700       259
105.9000       243
105.9300       243
105.9600       256
105.9900       253
106.0200       250
106.0500       272
106.0800       266
106.1100       253
106.1400       269
106.1700       253
106.2000       269
106.2300       250
106.2600       234
106.2900       231
106.3200       256
106.3500       276
106.3800       259
106.4100       243
106.4400       259
106.4700       276
106.5000       240
106.5300       243
106.5600       262
106.5900       272
106.6200       259
106.6500       250
106.6800       286
106.7100       276
106.7400       276
106.7700       276
106.8000       282
106.8300       240
106.8600       266
106.8900       269
106.9200       266
106.9500       259
106.9800       299
107.0100       250
107.0400       262
107.0700       259
107.1000       296
107.1300       269
107.1600       286
107.1900       259
107.2200       266
107.2500       276
107.2800       262
107.3100       259
107.3400       303
107.3700       259
107.4000       282
107.4300       262
107.4600       299
107.4900       259
107.5200       299
107.5500       250
107.5800       292
107.6100       279
107.6400       279
107.6700       282
107.7000       289
107.7300       259
107.7600       282
107.7900       276
107.8200       289
107.8500       272
107.8800       292
107.9100       292
107.9400       272
107.9700       313
108.0000       310
108.0300       286
108.0600       306
108.0900       317
108.1200       353
108.1500       317
108.1800       296
108.2100       279
108.2400       299
108.2700       339
108.3000       276
108.3300       276
108.3600       282
108.3900       320
108.4200       328
108.4500       320
108.4800       306
108.5100       296
108.5400       353
108.5700       320
108.6000       317
108.6300       357
108.6600       296
108.6900       306
108.7200       350
108.7500       335
108.7800       320
108.8100       339
108.8400       357
108.8700       353
108.9000       346
108.9300       342
108.9600       339
108.9900       335
109.0200       384
109.0500       346
109.0800       365
109.1100       335
109.1400       380
109.1700       376
109.2000       384
109.2300       412
109.2600       376
109.2900       441
109.3200       396
109.3500       416
109.3800       404
109.4100       428
109.4400       400
109.4700       445
109.5000       458
109.5300       445
109.5600       471
109.5900       467
109.6200       511
109.6500       502
109.6800       511
109.7100       529
109.7400       520
109.7700       543
109.8000       571
109.8300       605
109.8600       610
109.8900       666
109.9200       655
109.9500       697
109.9800       681
110.0100       756
110.0400       745
110.0700       824
110.1000       853
110.1300       876
110.1600       829
110.1900       973
110.2200       930
110.2500      1050
110.2800      1050
110.3100      1163
110.3400      1149
110.3700      1156
110.4000      1282
110.4300      1303
110.4600      1399
110.4900      1399
110.5200      1436
110.5500      1600
110.5800      1513
110.6100      1537
110.6400      1697
110.6700      1731
110.7000      1798
110.7300      1806
110.7600      1714
110.7900      1901
110.8200      1884
110.8500      1945
110.8800      1910
110.9100      1971
110.9400      1918
110.9700      1998
111.0000      1954
111.0300      1998
111.0600      1910
111.0900      1945
111.1200      1884
111.1500      1927
111.1800      1918
111.2100      1971
111.2400      1789
111.2700      1918
111.3000      1892
111.3300      1798
111.3600      1832
111.3900      1875
111.4200      1681
111.4500      1722
111.4800      1706
111.5100      1722
111.5400      1632
111.5700      1584
111.6000      1608
111.6300      1568
111.6600      1490
111.6900      1505
111.7200      1505
111.7500      1436
111.7800      1436
111.8100      1376
111.8400      1296
111.8700      1260
111.9000      1289
111.9300      1267
111.9600      1225
111.9900      1082
112.0200      1096
112.0500      1116
112.0800      1102
112.1100      1018
112.1400       999
112.1700      1030
112.2000       973
112.2300       924
112.2600       894
112.2900       888
112.3200       835
112.3500       807
112.3800       853
112.4100       795
112.4400       767
112.4700       729
112.5000       740
112.5300       745
112.5600       740
112.5900       640
112.6200       615
112.6500       660
112.6800       576
112.7100       615
112.7400       605
112.7700       615
112.8000       538
112.8300       557
112.8600       524
112.8900       590
112.9200       557
112.9500       552
112.9800       529
113.0100       497
113.0400       497
113.0700       454
113.1000       480
113.1300       497
113.1600       511
113.1900       458
113.2200       471
113.2500       502
113.2800       484
113.3100       502
113.3400       475
113.3700       502
113.4000       462
113.4300       471
113.4600       480
113.4900       488
113.5200       497
113.5500       502
113.5800       497
113.6100       497
113.6400       488
113.6700       462
113.7000       471
113.7300       502
113.7600       534
113.7900       529
113.8200       571
113.8500       493
113.8800       534
113.9100       548
113.9400       538
113.9700       557
114.0000       590
114.0300       576
114.0600       605
114.0900       576
114.1200       605
114.1500       620
114.1800       620
114.2100       650
114.2400       645
114.2700       650
114.3000       729
114.3300       734
114.3600       801
114.3900       795
114.4200       812
114.4500       835
114.4800       900
114.5100       858
114.5400       888
114.5700       973
114.6000       967
114.6300      1056
114.6600      1069
114.6900      1076
114.7200      1043
114.7500      1149
114.7800      1197
114.8100      1197
114.8400      1197
114.8700      1289
114.9000      1399
114.9300      1436
114.9600      1482
114.9900      1452
115.0200      1414
115.0500      1475
115.0800      1568
115.1100      1584
115.1400      1552
115.1700      1624
115.2000      1747
115.2300      1689
115.2600      1681
115.2900      1747
115.3200      1747
115.3500      1849
115.3800      1840
115.4100      1747
115.4400      1806
115.4700      1781
115.5000      1781
115.5300      1823
115.5600      1756
115.5900      1815
115.6200      1731
115.6500      1849
115.6800      1756
115.7100      1722
115.7400      1739
115.7700      1681
115.8000      1756
115.8300      1608
115.8600      1665
115.8900      1689
115.9200      1498
115.9500      1673
115.9800      1616
116.0100      1498
116.0400      1459
116.0700      1490
116.1000      1475
116.1300      1459
116.1600      1406
116.1900      1340
116.2200      1384
116.2500      1369
116.2800      1267
116.3100      1239
116.3400      1253
116.3700      1282
116.4000      1239
116.4300      1129
116.4600      1170
116.4900      1116
116.5200      1116
116.5500      1102
116.5800       992
116.6100       986
116.6400       961
116.6700       949
116.7000       894
116.7300       894
116.7600       906
116.7900       955
116.8200       853
116.8500       767
116.8800       801
116.9100       762
116.9400       767
116.9700       734
117.0000       756
117.0300       713
117.0600       666
117.0900       640
117.1200       645
117.1500       620
117.1800       600
117.2100       557
117.2400       590
117.2700       571
117.3000       548
117.3300       595
117.3600       534
117.3900       543
117.4200       520
117.4500       506
117.4800       488
117.5100       484
117.5400       462
117.5700       467
117.6000       506
117.6300       467
117.6600       424
117.6900       454
117.7200       454
117.7500       412
117.7800       458
117.8100       404
117.8400       471
117.8700       420
117.9000       412
117.9300       420
117.9600       428
117.9900       420
118.0200       420
118.0500       412
118.0800       388
118.1100       424
118.1400       392
118.1700       392
118.2000       392
118.2300       408
118.2600       412
118.2900       388
118.3200       396
118.3500       396
118.3800       369
118.4100       339
118.4400       365
118.4700       400
118.5000       365
118.5300       369
118.5600       324
118.5900       342
118.6200       353
118.6500       384
118.6800       361
118.7100       361
118.7400       353
118.7700       328
118.8000       357
118.8300       342
118.8600       310
118.8900       324
118.9200       335
118.9500       292
118.9800       346
119.0100       331
119.0400       353
119.0700       299
119.1000       324
119.1300       346
119.1600       342
119.1900       335
119.2200       350
119.2500       335
119.2800       331
119.3100       324
119.3400       350
119.3700       306
119.4000       313
119.4300       306
119.4600       328
119.4900       303
119.5200       320
119.5500       328
119.5800       317
119.6100       306
119.6400       335
119.6700       310
119.7000       299
119.7300       313
119.7600       313
119.7900       331
119.8200       331
119.8500       328
119.8800       357
119.9100       303
119.9400       328
119.9700       320
120.0000       320
120.0300       296
120.0600       324
120.0900       296
120.1200       339
120.1500       342
120.1800       292
120.2100       303
120.2400       317
120.2700       317
120.3000       350
120.3300       266
120.3600       296
120.3900       282
120.4200       303
120.4500       313
120.4800       328
120.5100       335
120.5400       276
120.5700       292
120.6000       303
120.6300       313
120.6600       286
120.6900       335
120.7200       306
120.7500       317
120.7800       299
120.8100       331
120.8400       317
120.8700       299
120.9000       306
120.9300       279
120.9600       320
120.9900       292
121.0200       299
121.0500       272
121.0800       306
121.1100       331
121.1400       299
121.1700       276
121.2000       296
121.2300       299
121.2600       303
121.2900       266
121.3200       324
121.3500       306
121.3800       286
121.4100       299
121.4400       328
121.4700       292
121.5000       299
121.5300       313
121.5600       320
121.5900       286
121.6200       289
121.6500       286
121.6800       282
121.7100       306
121.7400       296
121.7700       299
121.8000       306
121.8300       299
121.8600       289
121.8900       317
121.9200       303
121.9500       317
121.9800       310
122.0100       289
122.0400       310
122.0700       289
122.1000       303
122.1300       299
122.1600       272
122.1900       306
122.2200       276
122.2500       279
122.2800       282
122.3100       292
122.3400       292
122.3700       310
122.4000       279
122.4300       282
122.4600       282
122.4900       272
122.5200       262
122.5500       306
122.5800       306
122.6100       246
122.6400       306
122.6700       276
122.7000       310
122.7300       286
122.7600       266
122.7900       269
122.8200       289
122.8500       299
122.8800       286
122.9100       292
122.9400       282
122.9700       286
123.0000       292
123.0300       282
123.0600       296
123.0900       303
123.1200       320
123.1500       286
123.1800       306
123.2100       289
123.2400       296
123.2700       282
123.3000       279
123.3300       269
123.3600       303
123.3900       296
123.4200       296
123.4500       269
123.4800       296
123.5100       276
123.5400       306
123.5700       266
123.6000       292
123.6300       266
123.6600       292
123.6900       303
123.7200       289
123.7500       306
123.7800       328
123.8100       296
123.8400       240
123.8700       262
123.9000       292
123.9300       259
123.9600       289
123.9900       266
124.0200       292
124.0500       296
124.0800       266
124.1100       292
124.1400       296
124.1700       306
124.2000       317
124.2300       286
124.2600       279
124.2900       299
124.3200       289
124.3500       282
124.3800       313
124.4100       262
124.4400       296
124.4700       303
124.5000       240
124.5300       286
124.5600       292
124.5900       286
124.6200       313
124.6500       262
124.6800       269
124.7100       299
124.7400       272
124.7700       279
124.8000       279
124.8300       292
124.8600       282
124.8900       292
124.9200       272
124.9500       286
124.9800       306
125.0100       279
125.0400       266
125.0700       306
125.1000       303
125.1300       286
125.1600       286
125.1900       276
125.2200       313
125.2500       296
125.2800       289
125.3100       292
125.3400       310
125.3700       276
125.4000       279
125.4300       313
125.4600       279
125.4900       299
125.5200       292
125.5500       276
125.5800       328
125.6100       279
125.6400       306
125.6700       237
125.7000       256
125.7300       276
125.7600       279
125.7900       286
125.8200       262
125.8500       299
125.8800       276
125.9100       266
125.9400       296
125.9700       262
126.0000       286
126.0300       282
126.0600       292
126.0900       262
126.1200       296
126.1500       303
126.1800       282
126.2100       303
126.2400       262
126.2700       324
126.3000       266
126.3300       282
126.3600       317
126.3900       279
126.4200       303
126.4500       262
126.4800       299
126.5100       296
126.5400       262
126.5700       292
126.6000       272
126.6300       306
126.6600       282
126.6900       266
126.7200       272
126.7500       306
126.7800       279
126.8100       286
126.8400       276
126.8700       289
126.9000       299
126.9300       269
126.9600       269
126.9900       262
127.0200       289
127.0500       256
127.0800       292
127.1100       299
127.1400       250
127.1700       279
127.2000       292
127.2300       299
127.2600       262
127.2900       276
127.3200       276
127.3500       313
127.3800       296
127.4100       296
127.4400       276
127.4700       292
127.5000       296
127.5300       286
127.5600       303
127.5900       289
127.6200       313
127.6500       286
127.6800       292
127.7100       292
127.7400       262
127.7700       262
127.8000       289
127.8300       286
127.8600       289
127.8900       272
127.9200       296
127.9500       292
127.9800       279
128.0100       296
128.0400       266
128.0700       292
128.1000       296
128.1300       289
128.1600       299
128.1900       335
128.2200       286
128.2500       279
128.2800       296
128.3100       269
128.3400       331
128.3700       292
128.4000       279
128.4300       303
128.4600       303
128.4900       292
128.5200       296
128.5500       289
128.5800       303
128.6100       328
128.6400       266
128.6700       313
128.7000       279
128.7300       306
128.7600       296
128.7900       286
128.8200       296
128.8500       303
128.8800       299
128.9100       313
128.9400       299
128.9700       292
129.0000       292
129.0300       306
129.0600       299
129.0900       324
129.1200       306
129.1500       303
129.1800       310
129.2100       320
129.2400       269
129.2700       292
129.3000       289
129.3300       286
129.3600       272
129.3900       310
129.4200       272
129.4500       310
129.4800       303
129.5100       303
129.5400       266
129.5700       331
129.6000       286
129.6300       289
129.6600       289
129.6900       306
129.7200       303
129.7500       269
129.7800       282
129.8100       296
129.8400       342
129.8700       289
129.9000       317
129.9300       303
129.9600       317
129.9900       324
130.0200       310
130.0500       289
130.0800       282
130.1100       289
130.1400       320
130.1700       317
130.2000       296
130.2300       289
130.2600       317
130.2900       299
130.3200       310
130.3500       292
130.3800       296
130.4100       262
130.4400       328
130.4700       328
130.5000       317
130.5300       279
130.5600       313
130.5900       279
130.6200       317
130.6500       296
130.6800       303
130.7100       310
130.7400       279
130.7700       306
130.8000       286
130.8300       339
130.8600       296
130.8900       306
130.9200       306
130.9500       335
130.9800       296
131.0100       353
131.0400       276
131.0700       328
131.1000       292
131.1300       328
131.1600       313
131.1900       346
131.2200       306
131.2500       335
131.2800       310
131.3100       306
131.3400       313
131.3700       317
131.4000       313
131.4300       299
131.4600       292
131.4900       339
131.5200       320
131.5500       303
131.5800       306
131.6100       296
131.6400       303
131.6700       342
131.7000       317
131.7300       320
131.7600       328
131.7900       310
131.8200       328
131.8500       339
131.8800       296
131.9100       320
131.9400       350
131.9700       299
132.0000       353
132.0300       335
132.0600       342
132.0900       313
132.1200       328
132.1500       313
132.1800       346
132.2100       369
132.2400       335
132.2700       335
132.3000       350
132.3300       335
132.3600       331
132.3900       342
132.4200       342
132.4500       320
132.4800       346
132.5100       339
132.5400       384
132.5700       350
132.6000       357
132.6300       376
132.6600       365
132.6900       357
132.7200       380
132.7500       331
132.7800       361
132.8100       335
132.8400       372
132.8700       346
132.9000       433
132.9300       376
132.9600       388
132.9900       388
133.0200       380
133.0500       388
133.0800       416
133.1100       388
133.1400       408
133.1700       404
133.2000       424
133.2300       424
133.2600       400
133.2900       437
133.3200       458
133.3500       412
133.3800       400
133.4100       408
133.4400       420
133.4700       404
133.5000       441
133.5300       480
133.5600       484
133.5900       471
133.6200       462
133.6500       511
133.6800       480
133.7100       480
133.7400       524
133.7700       557
133.8000       511
133.8300       511
133.8600       538
133.8900       538
133.9200       571
133.9500       562
133.9800       610
134.0100       581
134.0400       620
134.0700       600
134.1000       615
134.1300       630
134.1600       666
134.1900       640
134.2200       605
134.2500       686
134.2800       692
134.3100       681
134.3400       729
134.3700       784
134.4000       829
134.4300       790
134.4600       767
134.4900       812
134.5200       818
134.5500       847
134.5800       906
134.6100       894
134.6400       942
134.6700       912
134.7000       942
134.7300       973
134.7600       992
134.7900       986
134.8200      1050
134.8500      1082
134.8800       999
134.9100      1082
134.9400      1142
134.9700      1082
135.0000      1142
135.0300      1183
135.0600      1170
135.0900      1204
135.1200      1190
135.1500      1218
135.1800      1239
135.2100      1325
135.2400      1340
135.2700      1239
135.3000      1260
135.3300      1303
135.3600      1340
135.3900      1384
135.4200      1332
135.4500      1239
135.4800      1340
135.5100      1332
135.5400      1429
135.5700      1303
135.6000      1354
135.6300      1354
135.6600      1362
135.6900      1406
135.7200      1362
135.7500      1318
135.7800      1436
135.8100      1406
135.8400      1362
135.8700      1354
135.9000      1369
135.9300      1406
135.9600      1332
135.9900      1296
136.0200      1354
136.0500      1325
136.0800      1310
136.1100      1369
136.1400      1303
136.1700      1232
136.2000      1399
136.2300      1303
136.2600      1225
136.2900      1260
136.3200      1267
136.3500      1246
136.3800      1289
136.4100      1246
136.4400      1246
136.4700      1232
136.5000      1197
136.5300      1274
136.5600      1176
136.5900      1190
136.6200      1136
136.6500      1096
136.6800      1163
136.7100      1082
136.7400      1109
136.7700      1136
136.8000      1136
136.8300      1096
136.8600      1102
136.8900      1018
136.9200      1050
136.9500      1030
136.9800       961
137.0100      1005
137.0400       986
137.0700       967
137.1000       949
137.1300       936
137.1600       949
137.1900       961
137.2200       858
137.2500       936
137.2800       894
137.3100       912
137.3400       882
137.3700       824
137.4000       876
137.4300       841
137.4600       847
137.4900       853
137.5200       745
137.5500       756
137.5800       756
137.6100       807
137.6400       767
137.6700       745
137.7000       773
137.7300       751
137.7600       697
137.7900       702
137.8200       666
137.8500       671
137.8800       660
137.9100       645
137.9400       676
137.9700       640
138.0000       640
138.0300       586
138.0600       571
138.0900       635
138.1200       635
138.1500       625
138.1800       595
138.2100       625
138.2400       566
138.2700       552
138.3000       534
138.3300       610
138.3600       471
138.3900       562
138.4200       480
138.4500       538
138.4800       506
138.5100       515
138.5400       515
138.5700       511
138.6000       529
138.6300       529
138.6600       484
138.6900       445
138.7200       458
138.7500       471
138.7800       488
138.8100       412
138.8400       475
138.8700       437
138.9000       458
138.9300       445
138.9600       400
138.9900       449
139.0200       441
139.0500       433
139.0800       437
139.1100       384
139.1400       404
139.1700       424
139.2000       420
139.2300       380
139.2600       437
139.2900       420
139.3200       420
139.3500       404
139.3800       353
139.4100       424
139.4400       384
139.4700       404
139.5000       376
139.5300       400
139.5600       400
139.5900       404
139.6200       392
139.6500       372
139.6800       408
139.7100       380
139.7400       420
139.7700       372
139.8000       408
139.8300       376
139.8600       388
139.8900       372
139.9200       353
139.9500       353
139.9800       365
140.0100       400
140.0400       353
140.0700       339
140.1000       357
140.1300       369
140.1600       353
140.1900       353
140.2200       342
140.2500       365
140.2800       357
140.3100       331
140.3400       372
140.3700       361
140.4000       384
140.4300       365
140.4600       376
140.4900       388
140.5200       357
140.5500       372
140.5800       361
140.6100       372
140.6400       350
140.6700       392
140.7000       342
140.7300       335
140.7600       388
140.7900       384
140.8200       353
140.8500       396
140.8800       353
140.9100       400
140.9400       357
140.9700       392
141.0000       380
141.0300       353
141.0600       357
141.0900       388
141.1200       350
141.1500       353
141.1800       339
141.2100       357
141.2400       346
141.2700       369
141.3000       346
141.3300       361
141.3600       376
141.3900       369
141.4200       369
141.4500       369
141.4800       346
141.5100       339
141.5400       350
141.5700       361
141.6000       388
141.6300       353
141.6600       342
141.6900       380
141.7200       339
141.7500       357
141.7800       320
141.8100       365
141.8400       357
141.8700       376
141.9000       346
141.9300       357
141.9600       342
141.9900       384
142.0200       350
142.0500       376
142.0800       361
142.1100       353
142.1400       342
142.1700       372
142.2000       361
142.2300       369
142.2600       369
142.2900       380
142.3200       365
142.3500       376
142.3800       328
142.4100       324
142.4400       346
142.4700       331
142.5000       372
142.5300       339
142.5600       339
142.5900       335
142.6200       353
142.6500       320
142.6800       335
142.7100       369
142.7400       369
142.7700       331
142.8000       357
142.8300       365
142.8600       342
142.8900       328
142.9200       331
142.9500       372
142.9800       350
143.0100       350
143.0400       342
143.0700       353
143.1000       331
143.1300       369
143.1600       303
143.1900       342
143.2200       392
143.2500       369
143.2800       380
143.3100       324
143.3400       342
143.3700       357
143.4000       376
143.4300       331
143.4600       306
143.4900       350
143.5200       339
143.5500       331
143.5800       380
143.6100       335
143.6400       339
143.6700       313
143.7000       376
143.7300       346
143.7600       357
143.7900       331
143.8200       335
143.8500       331
143.8800       365
143.9100       342
143.9400       357
143.9700       361
144.0000       324
144.0300       353
144.0600       369
144.0900       320
144.1200       400
144.1500       339
144.1800       346
144.2100       376
144.2400       346
144.2700       342
144.3000       306
144.3300       369
144.3600       328
144.3900       353
144.4200       328
144.4500       357
144.4800       350
144.5100       342
144.5400       335
144.5700       335
144.6000       328
144.6300       339
144.6600       331
144.6900       324
144.7200       361
144.7500       317
144.7800       320
144.8100       328
144.8400       346
144.8700       361
144.9000       353
144.9300       313
144.9600       353
144.9900       320
