0
0
0
0
0
0
0
0
0
0
0
0
0
0
0
0
0
9
17
20
19
18
18
20
14
18
19
23
23
26
23
23
23
24
30
30
36
27
27
33
21
14
14
10
10
16
12
4
11
12
11
4
9
10
1
4
7
8
5
5
1
4
2
0
1
3
0
5
2
1
2
3
2
7
5
12
12
8
18
12
20
20
25
28
27
15
21
15
10
5
1
1
1
0
0
0
0
0
0
0
0
0
0
0
0
0
0
1
0
0
0
0
0
1
0
0
0
0
0
0
0
1
0
0
0
1
0
0
0
0
0
0
0
0
0
0
0
0
0
0
1
0
0
0
0
0
0
0
0
1
0
0
0
0
0
0
1
0
0
0
0
0
0
0
0
0
0
0
0
0
0
0
0
0
0
0
0
0
0
0
0
0
0
0
0
0
0
0
0
0
0
0
0
0
0
0
0
0
0
0
0
0
0
0
0
0
0
0
0
0
0
0
0
0
0
0
0
0
0
0
0
0
0
0
0
0
0
0
0
0
0
0
0
0
0
0
0
0
0
0
0
0
0
0
0
0
0
0
0
0
0
0
0
0
0
0