0
0
0
0
0
0
0
0
0
0
0
0
0
0
0
0
0
3
23
19
14
20
14
16
10
29
17
14
11
16
21
24
17
17
30
17
24
19
34
21
18
16
14
12
7
3
6
4
3
5
4
3
1
2
1
0
1
5
5
3
7
10
6
13
14
21
18
14
22
15
8
4
2
4
1
3
0
0
0
2
1
1
1
1
0
1
0
0
1
0
0
0
0
3
0
0
0
0
1
0
0
0
0
1
1
0
0
0
0
0
0
0
0
0
1
0
0
1
0
0
0
0
0
0
0
0
0
0
0
0
0
0
0
1
0
1
0
0
0
0
0
0
0
0
0
0
0
1
0
0
0
0
0
0
1
0
0
0
0
0
0
0
0
0
1
0
0
0
0
0
0
0
0
0
0
0
0
1
0
0
0
0
0
0
0
0
1
0
0
0
0
1
0
1
0
0
0
0
0
0
0
0
0
0
0
0
0
0
0
0
0
0
0
0
0
0
0
0
0
0
0
0
0
0
0
0
0
0
0
0
0
0
1
0
0
0
0
0
0
0
0
0
0
0
0
0
0
0
0
0
0
0
0
0
0
0