Shimadzu measurement
Filename
739Labor_aprilis_14_Al.dat
Identifier
2mN/s meres
Date 2016:4:14
Time 9:24
Indentsize=0 [æm]
 Time [s]         Load [mN]       Displ [æm] 
*****************************************************************

      0.049972      0.003114      0.001154
      0.099974      0.018124      0.001277
      0.149977      0.023699      0.003035
      0.199979      0.012236      0.005838
      0.249980      0.113615      0.009399
      0.299983      0.284814      0.013885
      0.349985      0.542654      0.019327
      0.399988      0.864434      0.026910
      0.449990      1.253524      0.037885
      0.499992      1.700142      0.053256
      0.549994      2.197315      0.071789
      0.599996      2.730220      0.093047
      0.649998      3.313597      0.117673
      0.700001      3.932021      0.144963
      0.749973      4.584430      0.175749
      0.799975      5.275969      0.209622
      0.849976      5.987467      0.246272
      0.899979      6.719370      0.284994
      0.949981      7.465974      0.324422
      0.999984      8.238017      0.364973
      1.049986      9.036006      0.405070
      1.099988      9.839647      0.445369
      1.149990     10.668517      0.486276
      1.199992     11.503002      0.527610
      1.249994     12.355968      0.570059
      1.299997     13.216413      0.613208
      1.349999     14.097016      0.656253
      1.400000     14.976230      0.699021
      1.449972     15.864570      0.741359
      1.499975     16.759293      0.783796
      1.549977     17.662811      0.825895
      1.599979     18.568142      0.867203
      1.649982     19.474494      0.908531
      1.699983     20.392751      0.949693
      1.749986     21.314399      0.991316
      1.799988     22.237878      1.034026
      1.849990     23.167277      1.078203
      1.899993     24.101393      1.123944
      1.949995     25.026939      1.170298
      1.999996     25.961249      1.216534
      2.049999     26.894293      1.261320
      2.099971     27.832911      1.304191
      2.149973     28.775326      1.344789
      2.199975     29.713832      1.383280
      2.249978     30.663469      1.420303
      2.299979     31.598711      1.456492
      2.349981     32.539917      1.492236
      2.399984     33.485270      1.527336
      2.449986     34.436188      1.561916
      2.499989     35.386619      1.595663
      2.549991     36.336614      1.628598
      2.599992     37.291708      1.661414
      2.649995     38.241015      1.694122
      2.699997     39.200375      1.726917
      2.749999     40.147417      1.759605
      2.799971     41.098634      1.791833
      2.849973     42.045673      1.823768
      2.899975     43.000548      1.855683
      2.949977     43.949049      1.887580
      2.999980     44.900968      1.919644
      3.049982     45.850470      1.951493
      3.099984     46.800238      1.982782
      3.149986     47.761842      2.013749
      3.199988     48.710295      2.044794
      3.249991     49.664612      2.075542
      3.299993     50.611389      2.105717
      3.349995     51.567250      2.135438
      3.399998     52.523352      2.165056
      3.449999     53.469904      2.194764
      3.499971     54.427394      2.224370
      3.549973     55.394727      2.253701
      3.599976     56.348946      2.282907
      3.649978     57.309063      2.312060
      3.699979     58.258619      2.340618
      3.749982     59.215760      2.368944
      3.799983     60.166910      2.397001
      3.849986     61.118161      2.424694
      3.899988     62.079879      2.452304
      3.949990     63.031487      2.479654
      3.999993     63.981319      2.506773
      4.049995     64.942981      2.533926
      4.099996     65.898810      2.560744
      4.149999     66.860987      2.587261
      4.199971     67.811175      2.613750
      4.249973     68.771937      2.640643
      4.299975     69.724515      2.667715
      4.349978     70.678273      2.694277
      4.399979     71.636753      2.720929
      4.449981     72.578733      2.747419
      4.499984     73.535159      2.773518
      4.549986     74.489937      2.799815
      4.599989     75.442013      2.826106
      4.649991     76.398370      2.852393
      4.699992     77.356749      2.878432
      4.749995     78.313286      2.904125
      4.799997     79.265113      2.929629
      4.849999     80.223077      2.954842
      4.899971     81.173747      2.980218
      4.949974     82.130059      3.005804
      4.999975     83.088398      3.031394
      5.049977     84.047951      3.056562
      5.099980     85.004323      3.081105
      5.149982     85.957833      3.105269
      5.199984     86.909377      3.128909
      5.249986     87.861593      3.152321
      5.299988     88.816245      3.175345
      5.349991     89.772480      3.197958
      5.399993     90.727697      3.220569
      5.449995     91.683219      3.242811
      5.499998     92.637184      3.264965
      5.549999     93.587307      3.286917
      5.599971     94.547400      3.308933
      5.649973     95.495713      3.330883
      5.699976     96.452346      3.352775
      5.749978     97.408532      3.374491
      5.799980     98.366757      3.395928
      5.849982     99.322544      3.417114
      5.899984    100.280411      3.438256
      5.949987    101.236487      3.459726
      5.999989    102.190950      3.481184
      6.049991    103.148236      3.501840
      6.099994    104.108061      3.522383
      6.149995    105.058574      3.542337
      6.199997    106.009253      3.562310
      6.250000    106.964963      3.581933
      6.299972    107.920318      3.601669
      6.349974    108.882679      3.620958
      6.399976    109.839136      3.640270
      6.449978    110.794554      3.659727
      6.499980    111.744153      3.678886
      6.549982    112.701943      3.698143
      6.599985    113.664054      3.716879
      6.649987    114.623338      3.735022
      6.699989    115.572145      3.753305
      6.749991    116.534715      3.771224
      6.799993    117.491362      3.789243
      6.849996    118.442067      3.807353
      6.899998    119.400852      3.825238
      6.950000    120.355924      3.842983
      6.999971    121.318639      3.860662
      7.049974    122.282740      3.878039
      7.099976    123.235882      3.895020
      7.149978    124.193199      3.911952
      7.199981    125.144507      3.928838
      7.249983    126.099562      3.945561
      7.299984    127.061653      3.962016
      7.349987    128.011764      3.978473
      7.399989    128.964522      3.995116
      7.449992    129.920272      4.011315
      7.499994    130.870781      4.027787
      7.549996    131.830611      4.044259
      7.599998    132.776856      4.060549
      7.650000    133.725524      4.077041
      7.699972    134.678204      4.093349
      7.749974    135.633884      4.109918
      7.799977    136.587381      4.126966
      7.849979    137.547458      4.144018
      7.899980    138.503082      4.161136
      7.949983    139.460802      4.177945
      7.999985    140.418576      4.194783
      8.049988    141.377010      4.211279
      8.099990    142.336037      4.227591
      8.149992    143.285833      4.243736
      8.199994    144.245021      4.259488
      8.249996    145.194961      4.275007
      8.299998    146.156721      4.290317
      8.350001    147.114469      4.305683
      8.399973    148.066165      4.321161
      8.449974    149.019129      4.336311
      8.499976    149.980558      4.351534
      8.549979    150.931904      4.366637
      8.599981    151.890047      4.381940
      8.649983    152.853695      4.397604
      8.699986    153.810701      4.413655
      8.749987    154.766002      4.430177
      8.799990    155.720379      4.446511
      8.849992    156.677586      4.462676
      8.899994    157.634900      4.478568
      8.949997    158.583763      4.494396
      8.999999    159.541502      4.509984
      9.050000    160.500514      4.524869
      9.099971    161.461283      4.539546
      9.149974    162.416308      4.554037
      9.199976    163.377150      4.568239
      9.249978    164.337735      4.582669
      9.299981    165.288933      4.596754
      9.349983    166.247552      4.610591
      9.399984    167.201252      4.624814
      9.449987    168.157851      4.639263
      9.499989    169.117668      4.653975
      9.549992    170.077940      4.668499
      9.599994    171.031298      4.683034
      9.649996    171.991250      4.697459
      9.699998    172.956527      4.712029
      9.750000    173.920493      4.726362
      9.799972    174.879006      4.740605
      9.849974    175.827728      4.754888
      9.899977    176.794495      4.769269
      9.949979    177.753698      4.784165
      9.999980    178.719522      4.799341
     10.049983    179.677875      4.814709
     10.099985    180.637441      4.829883
     10.149988    181.609694      4.844943
     10.199990    182.572004      4.859474
     10.249992    183.438082      4.873833
     10.299994    184.213891      4.887428
     10.349996    184.911508      4.900640
     10.399998    185.548519      4.913141
     10.450001    186.126712      4.924881
     10.499973    186.637930      4.935934
     10.549974    187.098027      4.946310
     10.599976    187.510282      4.955831
     10.649979    187.879481      4.965010
     10.699981    188.217864      4.973699
     10.749983    188.518746      4.981824
     10.799986    188.791371      4.989686
     10.849987    189.036124      4.997189
     10.899990    189.260673      5.004002
     10.949992    189.458495      5.010440
     10.999994    189.637756      5.016661
     11.049997    189.799701      5.022443
     11.099999    189.947282      5.027647
     11.150000    190.075833      5.032757
     11.199972    190.200074      5.037235
     11.249975    190.305787      5.041692
     11.299977    190.397877      5.046069
     11.349979    190.480147      5.050009
     11.399982    190.550529      5.053677
     11.449983    190.615703      5.057161
     11.499985    190.674360      5.060419
     11.549988    190.733255      5.063656
     11.599990    190.783208      5.066448
     11.649993    190.828777      5.069265
     11.699995    190.872230      5.071801
     11.749996    190.905845      5.074144
     11.799999    190.937929      5.076253
     11.849971    190.971077      5.078395
     11.899973    190.997859      5.080506
     11.949975    191.021962      5.082528
     11.999978    191.038773      5.084470
     12.049979    191.058174      5.086584
     12.099981    191.079298      5.088853
     12.149984    191.090375      5.090833
     12.199986    191.105227      5.092860
     12.249989    191.113710      5.094562
     12.299990    191.124398      5.096155
     12.349992    191.044904      5.098077
     12.399995    190.873870      5.099685
     12.449997    190.621061      5.100827
     12.499999    190.303810      5.102037
     12.549971    189.911472      5.102944
     12.599973    189.465592      5.103882
     12.649975    188.965421      5.104665
     12.699977    188.424324      5.105309
     12.749980    187.840289      5.105827
     12.799982    187.215169      5.106354
     12.849984    186.559786      5.106829
     12.899986    185.869232      5.107012
     12.949988    185.158621      5.106811
     12.999991    184.426296      5.106508
     13.049993    183.662221      5.106296
     13.099995    182.882999      5.105922
     13.149998    182.082822      5.105769
     13.199999    181.268056      5.105386
     13.249971    180.438940      5.105165
     13.299973    179.594467      5.104843
     13.349976    178.734343      5.104553
     13.399978    177.872339      5.104048
     13.449980    177.000099      5.103533
     13.499982    176.108879      5.102764
     13.549984    175.210345      5.102194
     13.599986    174.313772      5.101742
     13.649989    173.418964      5.101213
     13.699991    172.501942      5.100493
     13.749993    171.594222      5.099906
     13.799995    170.684500      5.099134
     13.849997    169.765041      5.098438
     13.900000    168.840480      5.097568
     13.949972    167.914379      5.096786
     13.999974    166.982621      5.096142
     14.049975    166.047601      5.095502
     14.099978    165.107815      5.094803
     14.149980    164.175947      5.094053
     14.199982    163.242660      5.093316
     14.249985    162.296499      5.092776
     14.299987    161.358282      5.092045
     14.349989    160.406464      5.090960
     14.399990    159.462546      5.089983
     14.449992    158.518414      5.089471
     14.499995    157.575309      5.088765
     14.549997    156.627027      5.088069
     14.599999    155.675915      5.087199
     14.649971    154.732022      5.086537
     14.699973    153.784250      5.085942
     14.749975    152.823222      5.085040
     14.799977    151.875287      5.084289
     14.849980    150.929371      5.083430
     14.899982    149.975506      5.082657
     14.949984    149.018760      5.081535
     14.999986    148.061251      5.080646
     15.049988    147.118925      5.079907
     15.099991    146.164019      5.079365
     15.149993    145.212438      5.078388
     15.199995    144.252255      5.077387
     15.249998    143.295315      5.076547
     15.299999    142.340073      5.076035
     15.349971    141.393074      5.075575
     15.399973    140.440066      5.074977
     15.449976    139.487142      5.074500
     15.499978    138.532463      5.074071
     15.549980    137.578035      5.073440
     15.599982    136.617731      5.072751
     15.649984    135.660071      5.072008
     15.699986    134.698689      5.071157
     15.749989    133.742501      5.070452
     15.799991    132.783054      5.069634
     15.849994    131.831659      5.068837
     15.899995    130.863708      5.068180
     15.949997    129.908322      5.067407
     16.000000    128.950206      5.066466
     16.049972    127.992686      5.065497
     16.099974    127.038143      5.064748
     16.149975    126.087500      5.064012
     16.199978    125.135485      5.063350
     16.249980    124.179182      5.062693
     16.299982    123.217189      5.062102
     16.349985    122.264114      5.061447
     16.399987    121.311131      5.060737
     16.449988    120.355177      5.060158
     16.499991    119.401434      5.059332
     16.549993    118.449680      5.058527
     16.599996    117.490561      5.057986
     16.649998    116.530306      5.057011
     16.700000    115.580016      5.055950
     16.749971    114.617941      5.055179
     16.799974    113.664793      5.054301
     16.849976    112.716015      5.053512
     16.899978    111.767510      5.052618
     16.949981    110.800938      5.051691
     16.999983    109.841911      5.050491
     17.049984    108.883570      5.049533
     17.099987    107.935612      5.048610
     17.149989    106.984183      5.047535
     17.199992    106.023524      5.046506
     17.249994    105.063105      5.045641
     17.299996    104.109005      5.044802
     17.349998    103.153267      5.044108
     17.400000    102.192393      5.043239
     17.449972    101.242767      5.042274
     17.499974    100.279459      5.041344
     17.549977     99.322759      5.040263
     17.599978     98.365902      5.039168
     17.649980     97.411346      5.038122
     17.699983     96.463132      5.037058
     17.749985     95.513303      5.036100
     17.799987     94.558358      5.035238
     17.849990     93.600029      5.034463
     17.899991     92.648420      5.033521
     17.949994     91.693093      5.032551
     17.999996     90.729538      5.031800
     18.049998     89.781770      5.030941
     18.100001     88.828681      5.030168
     18.149973     87.866528      5.029350
     18.199974     86.916361      5.028309
     18.249976     85.958060      5.027433
     18.299979     85.000982      5.026522
     18.349981     84.044397      5.025581
     18.399983     83.091305      5.024672
     18.449986     82.135254      5.023671
     18.499987     81.184475      5.022283
     18.549989     80.226234      5.021155
     18.599992     79.272872      5.019956
     18.649994     78.315969      5.019061
     18.699997     77.358929      5.018133
     18.749999     76.407260      5.017359
     18.800000     75.450658      5.016418
     18.849972     74.495111      5.015511
     18.899975     73.538681      5.014388
     18.949977     72.583899      5.013501
     18.999979     71.627547      5.012579
     19.049982     70.671615      5.011689
     19.099983     69.717280      5.010400
     19.149985     68.763162      5.009240
     19.199988     67.809240      5.008134
     19.249990     66.853663      5.007139
     19.299993     65.886219      5.006000
     19.349994     64.930680      5.004791
     19.399996     63.974258      5.003459
     19.449999     63.015210      5.002199
     19.500001     62.056240      5.001249
     19.549973     61.104665      5.000271
     19.599975     60.146317      4.998964
     19.649977     59.184315      4.997604
     19.699979     58.225739      4.996136
     19.749980     57.265972      4.994266
     19.799983     56.316122      4.992400
     19.849985     55.365429      4.990720
     19.899987     54.422525      4.988720
     19.949990     53.465877      4.986615
     19.999991     52.499301      4.984720
     20.049994     51.553088      4.982709
     20.099996     50.595904      4.980961
     20.149998     49.637391      4.978960
     20.200001     48.668526      4.976549
     20.249973     47.713539      4.974318
     20.299974     46.760054      4.972127
     20.349976     45.807313      4.969972
     20.399979     44.863784      4.967728
     20.449981     43.905354      4.965585
     20.499983     42.953654      4.963291
     20.549986     41.995194      4.961226
     20.599987     41.042247      4.959307
     20.649989     40.079612      4.957579
     20.699992     39.131452      4.955353
     20.749994     38.175568      4.952984
     20.799997     37.222497      4.950668
     20.849999     36.271958      4.948156
     20.900000     35.320037      4.945713
     20.949972     34.363208      4.943636
     20.999975     33.411729      4.941400
     21.049977     32.459571      4.938961
     21.099979     31.498867      4.936460
     21.149982     30.535356      4.934027
     21.199983     29.577862      4.931898
     21.249985     28.622122      4.929493
     21.299988     27.660025      4.927024
     21.349990     26.707467      4.924985
     21.399993     25.743962      4.922722
     21.449994     24.785864      4.920319
     21.499996     23.829580      4.918218
     21.549999     22.878591      4.916205
     21.600001     21.925654      4.914027
     21.649973     20.964249      4.911761
     21.699975     20.006209      4.909295
     21.749977     19.054861      4.906954
     21.799979     18.093666      4.904846
     21.849981     17.137646      4.902766
     21.899984     16.183843      4.900284
     21.949986     15.231425      4.897806
     21.999988     14.274760      4.895393
     22.049990     13.320376      4.892976
     22.099992     12.361942      4.890497
     22.149995     11.402914      4.887899
     22.199997     10.451286      4.885133
     22.249999      9.504488      4.882400
     22.299971      8.556543      4.880001
     22.349973      7.605735      4.867711
     22.399975      6.662116      4.777119
     22.449977      5.718863      4.539334
     22.499980      4.962099      4.161384
     22.549982      4.369515      3.695679
     22.599984      3.932015      3.213310
     22.649986      3.634703      2.798466
     22.699988      3.463559      2.535887
     22.749990      3.398031      2.490547
     22.799993      3.436714      2.582251
     22.849995      3.560642      2.744192
     22.899998      3.769834      2.927416
     22.949999      4.048441      3.108918
     22.999971      4.402338      3.279107
     23.049973      4.817282      3.435634
     23.099976      5.282286      3.578034
     23.149978      5.800278      3.706926
     23.199979      6.358025      3.823662
     23.249982      6.955214      3.928907
     23.299984      7.591563      4.023872
     23.349986      8.259493      4.109462
     23.399989      8.949742      4.187043
     23.449991      9.676559      4.256926
     23.499993     10.421028      4.320249
     23.549995     11.188708      4.377544
     23.599997     11.969953      4.429171
     23.650000     12.771952      4.476124
     23.699971     13.588967      4.518503
     23.749974     14.420108      4.557072
     23.799975     15.271285      4.591967
     23.849978     16.133782      4.623738
     23.899980     16.998531      4.652333
     23.949982     17.875684      4.678312
     23.999985     18.762169      4.701937
     24.049987     19.650339      4.723444
     24.099988     20.550401      4.743167
     24.149991     21.450181      4.761039
     24.199993     22.366795      4.777063
     24.249996     23.265602      4.791973
     24.299998     24.176458      4.805392
     24.350000     25.090224      4.817897
     24.399971     26.023089      4.829212
     24.449973     26.956053      4.839822
     24.499976     27.887885      4.849616
     24.549978     28.815646      4.858736
     24.599981     29.749510      4.866882
     24.649982     30.687645      4.874275
     24.699984     31.620469      4.881173
     24.749987     32.563161      4.887259
     24.799989     33.505580      4.893224
     24.849991     34.450804      4.898899
     24.899994     35.391229      4.904189
     24.949995     36.336490      4.909133
     24.999998     37.280000      4.913582
     25.049999     38.232309      4.917892
     25.099971     39.177890      4.921893
     25.149973     40.133285      4.925921
     25.199976     41.084694      4.929486
     25.249978     42.031296      4.932876
     25.299979     42.983337      4.936233
     25.349982     43.937221      4.939499
     25.399984     44.889712      4.942316
     25.449986     45.847664      4.945278
     25.499989     46.798933      4.948250
     25.549991     47.752733      4.950985
     25.599993     48.695383      4.953569
     25.649995     49.653632      4.956138
