      0.050003      0.019336      0.001553
      0.100005      0.026973      0.003683
      0.150006     -0.002775      0.004197
      0.200009      0.000359      0.005513
      0.250011      0.081916      0.009140
      0.300014      0.249314      0.014906
      0.349985      0.489084      0.021316
      0.399988      0.815963      0.028367
      0.449989      1.208422      0.035934
      0.499991      1.646475      0.044392
      0.549994      2.138380      0.053530
      0.599996      2.678143      0.063402
      0.649999      3.269522      0.073935
      0.700000      3.887823      0.084941
      0.750002      4.540122      0.095762
      0.800004      5.219354      0.107026
      0.850006      5.934425      0.118568
      0.900008      6.668933      0.130481
      0.950011      7.420933      0.142607
      1.000013      8.192950      0.155108
      1.049985      8.981151      0.167762
      1.099986      9.793072      0.180432
      1.149989     10.618406      0.193117
      1.199991     11.458866      0.205755
      1.249994     12.300729      0.217983
      1.299996     13.169492      0.230514
      1.349998     14.031947      0.242708
      1.400000     14.908255      0.254659
      1.450002     15.792148      0.266696
      1.500004     16.694466      0.278629
      1.550007     17.596274      0.290589
      1.600009     18.501898      0.302695
      1.650011     19.409123      0.314324
      1.700013     20.321453      0.325705
      1.749985     21.246311      0.337169
      1.799987     22.166575      0.348524
      1.849989     23.091250      0.359537
      1.899992     24.022946      0.370364
      1.949993     24.947533      0.381207
      1.999996     25.885254      0.392065
      2.049998     26.821978      0.402630
      2.100000     27.755973      0.413481
      2.150003     28.697279      0.424224
      2.200005     29.636618      0.434992
      2.250006     30.563201      0.445903
      2.300009     31.504550      0.456822
      2.350011     32.434772      0.467564
      2.400014     33.386110      0.478087
      2.449985     34.328375      0.488290
      2.499988     35.277123      0.498815
      2.549989     36.234148      0.509142
      2.599991     37.188855      0.519536
      2.649994     38.137204      0.529683
      2.699996     39.095089      0.539670
      2.749999     40.044468      0.549452
      2.800001     41.000840      0.559049
      2.850002     41.953128      0.568724
      2.900005     42.895638      0.578531
      2.950007     43.842775      0.588516
      3.000009     44.795298      0.598418
      3.050012     45.755109      0.608490
      3.100014     46.702559      0.618470
      3.149985     47.658414      0.628429
      3.199987     48.613900      0.638185
      3.249990     49.571496      0.647698
      3.299992     50.524886      0.657053
      3.349995     51.474491      0.666328
      3.399996     52.420079      0.675590
      3.449998     53.383415      0.684476
      3.500001     54.334647      0.693144
      3.550003     55.286583      0.701495
      3.600005     56.245866      0.710109
      3.650008     57.204436      0.718716
      3.700009     58.158704      0.727257
      3.750011     59.112151      0.735614
      3.800014     60.068521      0.743624
      3.849986     61.025081      0.751749
      3.899988     61.977539      0.759610
      3.949990     62.928137      0.767479
      3.999992     63.886215      0.775904
      4.049994     64.838209      0.784157
      4.099997     65.792050      0.792379
      4.149999     66.749386      0.800511
      4.200001     67.703153      0.808379
      4.250004     68.653708      0.816132
      4.300005     69.606865      0.823598
      4.350007     70.566026      0.830805
      4.400010     71.521435      0.837902
      4.450012     72.469196      0.845510
      4.500015     73.427773      0.853334
      4.549986     74.382656      0.861047
      4.599988     75.341541      0.868782
      4.649990     76.291818      0.876049
      4.699992     77.243505      0.883443
      4.749995     78.197070      0.890465
      4.799997     79.146833      0.897394
      4.849999     80.100498      0.904363
      4.900001     81.054013      0.911124
      4.950003     82.017769      0.917940
      5.000006     82.978534      0.924198
      5.050008     83.937829      0.930684
      5.100010     84.892138      0.937436
      5.150012     85.854167      0.944124
      5.200014     86.808496      0.950998
      5.249986     87.762608      0.957612
      5.299988     88.713473      0.964357
      5.349991     89.663858      0.970917
      5.399993     90.620524      0.977431
      5.449994     91.582233      0.983964
      5.499997     92.529560      0.990516
      5.549999     93.482863      0.997206
      5.600002     94.440325      1.004021
      5.650004     95.399088      1.010826
      5.700006     96.356581      1.017438
      5.750008     97.318424      1.024060
      5.800010     98.280519      1.030570
      5.850012     99.234297      1.036917
      5.900015    100.188524      1.043240
      5.949987    101.142544      1.049357
      5.999989    102.104313      1.055473
      6.049990    103.063291      1.061527
      6.099992    104.016704      1.067464
      6.149994    104.973044      1.073479
      6.199997    105.926525      1.079380
      6.249999    106.878043      1.085363
      6.300001    107.835729      1.091235
      6.350004    108.791642      1.096887
      6.400005    109.742297      1.102950
      6.450007    110.701648      1.108712
      6.500010    111.654787      1.114569
      6.550012    112.605997      1.120451
      6.600015    113.563406      1.126354
      6.649986    114.516018      1.132217
      6.699988    115.472248      1.137921
      6.749990    116.427460      1.143543
      6.799992    117.375043      1.149091
      6.849995    118.343226      1.154938
      6.899997    119.297600      1.160812
      6.950000    120.259077      1.166647
      7.000001    121.213518      1.172692
      7.050003    122.165901      1.178316
      7.100006    123.117042      1.183987
      7.150008    124.077440      1.189702
      7.200010    125.034573      1.195456
      7.250012    125.991819      1.201184
      7.300014    126.944284      1.206705
      7.349986    127.902213      1.212406
      7.399988    128.856513      1.217721
      7.449991    129.807548      1.223236
      7.499993    130.761747      1.228749
      7.549994    131.717574      1.234078
      7.599997    132.665710      1.239239
      7.649999    133.628287      1.244617
      7.700002    134.581277      1.250067
      7.750004    135.544561      1.255827
      7.800006    136.494526      1.261377
      7.850008    137.441048      1.267044
      7.900010    138.400952      1.272876
      7.950012    139.352757      1.278613
      8.000015    140.311923      1.284265
      8.049987    141.267947      1.289840
      8.099989    142.225416      1.295346
      8.149990    143.182354      1.300545
      8.199993    144.141256      1.305835
      8.249995    145.095212      1.311023
      8.299998    146.049599      1.316241
      8.350000    147.008646      1.321243
      8.400002    147.968836      1.326172
      8.450004    148.920289      1.331219
      8.500006    149.863877      1.336127
      8.550008    150.816869      1.341276
      8.600011    151.768557      1.346338
      8.650013    152.727006      1.351321
      8.700015    153.689099      1.356416
      8.749986    154.637382      1.361185
      8.799989    155.597649      1.366209
      8.849991    156.547951      1.371036
      8.899993    157.502101      1.375991
      8.949996    158.472532      1.380999
      8.999997    159.423435      1.386178
      9.050000    160.389114      1.391267
      9.100002    161.344895      1.396457
      9.150004    162.302146      1.401555
      9.200007    163.263161      1.406448
      9.250009    164.213525      1.411463
      9.300010    165.181769      1.416586
      9.350013    166.152067      1.421564
      9.399985    167.110786      1.426776
      9.449987    168.074953      1.431894
      9.499989    169.040971      1.436561
      9.549992    169.997669      1.441372
      9.599993    170.950251      1.446251
      9.649995    171.913168      1.451131
      9.699998    172.866464      1.455949
      9.750000    173.820868      1.460775
      9.800003    174.771995      1.465423
      9.850005    175.732993      1.470033
      9.900006    176.687613      1.474732
      9.950009    177.654195      1.479449
     10.000011    178.613231      1.484304
     10.050013    179.574021      1.489163
     10.099985    180.535780      1.493841
     10.149988    181.506345      1.498417
     10.199989    182.464083      1.502902
     10.249991    183.425537      1.507426
     10.299994    184.289014      1.511682
     10.349996    185.070415      1.516061
     10.399999    185.771235      1.520063
     10.450000    186.409908      1.523787
     10.500002    186.974338      1.527077
     10.550005    187.485376      1.530588
     10.600007    187.941648      1.533565
     10.650009    188.361448      1.536732
     10.700012    188.734996      1.539461
     10.750013    189.071189      1.542100
     10.799985    189.376815      1.544658
     10.849987    189.653099      1.547082
     10.899990    189.896261      1.549325
     10.949992    190.115717      1.551404
     10.999994    190.313228      1.553398
     11.049996    190.490987      1.555253
     11.099998    190.640595      1.557167
     11.150001    190.787449      1.558768
     11.200003    190.919007      1.560330
     11.250005    191.038020      1.561615
     11.300008    191.147573      1.563015
     11.350040    191.239456      1.564214
     11.400010    191.325203      1.565170
     11.450013    191.402376      1.566093
     11.499985    191.474883      1.566862
     11.549987    191.542580      1.567676
     11.599989    191.601067      1.568409
     11.649992    191.650653      1.569251
     11.699993    191.698332      1.569949
     11.749995    191.744295      1.570759
     11.799998    191.777117      1.571428
     11.850000    191.808488      1.572213
     11.900003    191.836111      1.572675
     11.950005    191.857920      1.573335
     12.000006    191.876938      1.573807
     12.050009    191.896495      1.574659
     12.100011    191.914097      1.575609
     12.150013    191.938484      1.576525
     12.199985    191.950666      1.577106
     12.249988    191.960409      1.577689
     12.299989    191.973450      1.578153
     12.349991    191.877764      1.578692
     12.399994    191.709248      1.578934
     12.449996    191.455043      1.578907
     12.499999    191.125548      1.579005
     12.550000    190.736839      1.579154
     12.600002    190.295446      1.578983
     12.650005    189.800535      1.579135
     12.700007    189.258068      1.579088
     12.750009    188.666696      1.579046
     12.800012    188.044128      1.578702
     12.850013    187.387380      1.578333
     12.899985    186.698649      1.577878
     12.949987    185.984186      1.577407
     12.999990    185.244731      1.576923
     13.049992    184.484616      1.576365
     13.099994    183.697362      1.575984
     13.149996    182.889344      1.575154
     13.199998    182.079119      1.574406
     13.250001    181.249207      1.573795
     13.300003    180.408900      1.573061
     13.350005    179.555577      1.572401
     13.400008    178.689929      1.571501
     13.450009    177.818681      1.570631
     13.500011    176.930186      1.569787
     13.550014    176.039597      1.568965
     13.599986    175.136136      1.568288
     13.649988    174.231468      1.567555
     13.699990    173.323270      1.566896
     13.749992    172.407014      1.566181
     13.799994    171.480454      1.565293
     13.849996    170.556826      1.564433
     13.899999    169.638890      1.563598
     13.950001    168.715700      1.562847
     14.000004    167.784730      1.561987
     14.050005    166.851030      1.561275
     14.100007    165.915484      1.560511
     14.150010    164.986211      1.559885
     14.200012    164.036948      1.559383
     14.250014    163.098992      1.558687
     14.299985    162.154123      1.558060
     14.349988    161.207303      1.557435
     14.399990    160.261780      1.556689
     14.449992    159.316814      1.555530
     14.499995    158.374180      1.554731
     14.549997    157.430593      1.553889
     14.599999    156.483707      1.553071
     14.650001    155.539955      1.552396
     14.700003    154.585596      1.551849
     14.750006    153.637561      1.551601
     14.800008    152.687892      1.550950
     14.850010    151.739195      1.550426
     14.900012    150.790151      1.549832
     14.950014    149.839574      1.549053
     14.999986    148.891280      1.548169
     15.049988    147.945651      1.547190
     15.099991    146.994486      1.546310
     15.149993    146.042611      1.545212
     15.199994    145.089486      1.544101
     15.249997    144.129743      1.542919
     15.299999    143.192121      1.541916
     15.350002    142.243279      1.540830
     15.400004    141.303261      1.539609
     15.450006    140.357145      1.538693
     15.500008    139.398217      1.538051
     15.550010    138.448511      1.537291
     15.600012    137.497948      1.536362
     15.650015    136.540512      1.535344
     15.699987    135.579941      1.534610
     15.749988    134.620821      1.533888
     15.799990    133.661786      1.533117
     15.849993    132.700387      1.531996
     15.899995    131.741132      1.531169
     15.949997    130.778924      1.530243
     16.000000    129.820162      1.529470
     16.050001    128.855956      1.528652
     16.100004    127.901500      1.527916
     16.150006    126.943611      1.527009
     16.200008    125.978970      1.525949
     16.250011    125.025342      1.525056
     16.300013    124.071251      1.524192
     16.350014    123.117353      1.523597
     16.399986    122.152641      1.522695
     16.449989    121.194678      1.521883
     16.499991    120.236684      1.521153
     16.549993    119.276222      1.520434
     16.599996    118.329407      1.519604
     16.649997    117.376564      1.518796
     16.700061    116.415855      1.517825
     16.750001    115.461493      1.516951
     16.800003    114.501858      1.516165
     16.850006    113.544191      1.515335
     16.900008    112.598671      1.514404
     16.950010    111.644552      1.513445
     17.000012    110.693681      1.512704
     17.050014    109.737797      1.511976
     17.099986    108.788389      1.511076
     17.149988    107.839927      1.510267
     17.199991    106.886822      1.509477
     17.249993    105.926486      1.508522
     17.299994    104.968189      1.507724
     17.349997    104.003181      1.507067
     17.399999    103.048002      1.506414
     17.450002    102.083970      1.505521
     17.500004    101.130279      1.504657
     17.550006    100.176742      1.504001
     17.600008     99.219069      1.502862
     17.650010     98.263779      1.501714
     17.700012     97.307581      1.500498
     17.750015     96.350565      1.499281
     17.799987     95.409294      1.498125
     17.849989     94.449843      1.496902
     17.899990     93.497225      1.495679
     17.949993     92.547704      1.494700
     17.999995     91.588763      1.493575
     18.049997     90.637215      1.492623
     18.100000     89.681332      1.491462
     18.150001     88.727042      1.490600
     18.200004     87.777847      1.489641
     18.250006     86.825915      1.488899
     18.300008     85.873959      1.488049
     18.350011     84.917710      1.487101
     18.400013     83.960038      1.485881
     18.450014     83.009632      1.484723
     18.499986     82.046232      1.483741
     18.549989     81.089449      1.482613
     18.599991     80.131907      1.481354
     18.649993     79.176735      1.480343
     18.699996     78.234070      1.479066
     18.749997     77.269093      1.477918
     18.799999     76.318215      1.476762
     18.850002     75.363546      1.475722
     18.900004     74.410349      1.474663
     18.950007     73.448710      1.473467
     19.000009     72.495953      1.472146
     19.050010     71.542035      1.471140
     19.100013     70.591345      1.470051
     19.149985     69.635013      1.468828
     19.199987     68.669944      1.467604
     19.249989     67.712878      1.466381
     19.299992     66.762407      1.465402
     19.349993     65.806273      1.464155
     19.399995     64.855420      1.463033
     19.449998     63.898942      1.461840
     19.500000     62.944726      1.460583
     19.550003     61.981561      1.459390
     19.600004     61.026820      1.458439
     19.650006     60.068064      1.457583
     19.700009     59.113630      1.456630
     19.750011     58.156371      1.455528
     19.800013     57.199011      1.454230
     19.849985     56.244613      1.453002
     19.899987     55.284945      1.451774
     19.949989     54.339455      1.450303
     19.999991     53.389025      1.448918
     20.049994     52.432319      1.447366
     20.099996     51.482780      1.446030
     20.149998     50.536031      1.444401
     20.200000     49.582638      1.442569
     20.250002     48.616549      1.440675
     20.300005     47.657957      1.438727
     20.350007     46.700008      1.436974
     20.400009     45.748130      1.435273
     20.450012     44.790731      1.433682
     20.500013     43.829583      1.432067
     20.549985     42.880930      1.430369
     20.599987     41.921550      1.428536
     20.649990     40.967164      1.426703
     20.699992     40.006897      1.424931
     20.749994     39.049272      1.423215
     20.799996     38.093413      1.421304
     20.849998     37.134262      1.419156
     20.900000     36.184355      1.416857
     20.950003     35.226287      1.414666
     21.000005     34.270031      1.412389
     21.050008     33.317846      1.410340
     21.100009     32.355287      1.407885
     21.150011     31.391937      1.405493
     21.200014     30.441912      1.402912
     21.249986     29.490453      1.400773
     21.299988     28.530379      1.398237
     21.349989     27.568654      1.395955
     21.399992     26.610938      1.393596
     21.449994     25.659270      1.391412
     21.499996     24.705721      1.389080
     21.549999     23.746818      1.386676
     21.600001     22.787368      1.384329
     21.650003     21.835360      1.381790
     21.700005     20.885168      1.379504
     21.750007     19.929286      1.377203
     21.800010     18.978659      1.374888
     21.850012     18.026657      1.372133
     21.900014     17.076470      1.368128
     21.949985     16.117541      1.361655
     21.999988     15.166002      1.356500
     22.049989     14.208908      1.351861
     22.099991     13.241930      1.348112
     22.149994     12.289862      1.344312
     22.199996     11.326188      1.337290
     22.249998     10.374041      1.312538
     22.300000      9.420061      1.285439
     22.350002      8.462601      1.265200
     22.400005      7.514215      1.219764
     22.450007      6.572166      1.101171
     22.500009      5.823810      0.913993
     22.550012      5.230858      0.696520
     22.600013      4.786314      0.523134
     22.649985      4.488154      0.453941
     22.699987      4.311364      0.445684
     22.749990      4.248080      0.479086
     22.799992      4.288172      0.534356
     22.849994      4.417640      0.597954
     22.899996      4.632429      0.662516
     22.949998      4.927059      0.724956
     23.000000      5.285001      0.783227
     23.050003      5.698703      0.836891
     23.100005      6.161368      0.886166
     23.150008      6.674814      0.931002
     23.200009      7.244950      0.971964
     23.250011      7.846574      1.008891
     23.300014      8.479590      1.042614
     23.349986      9.152455      1.073331
     23.399988      9.850198      1.101098
     23.449989     10.566669      1.126515
     23.499992     11.312203      1.149696
     23.549994     12.071685      1.170925
     23.599996     12.856540      1.190337
     23.649999     13.666670      1.208112
     23.700001     14.492224      1.224293
     23.750003     15.326777      1.238978
     23.800005     16.170039      1.252561
     23.850007     17.021750      1.264969
     23.900010     17.888388      1.276257
     23.950012     18.751983      1.286601
     24.000014     19.632369      1.296276
     24.049985     20.526646      1.305044
     24.099988     21.421219      1.312814
     24.149990     22.320330      1.320417
     24.199992     23.223526      1.327137
     24.249995     24.138332      1.333247
     24.299997     25.055043      1.339173
     24.349998     25.981403      1.344506
     24.400001     26.913395      1.349672
     24.450003     27.840690      1.354383
     24.500006     28.773523      1.358989
     24.550008     29.697914      1.363500
     24.600010     30.627523      1.367621
     24.650012     31.558777      1.371636
     24.700014     32.495174      1.375554
     24.749986     33.441692      1.379263
     24.799988     34.383892      1.382724
     24.849991     35.331361      1.386082
     24.899993     36.274417      1.389227
     24.949994     37.220214      1.391996
     24.999997     38.164817      1.394611
     25.049999     39.118720      1.397452
     25.100001     40.066957      1.399948
     25.150004     41.017417      1.402378
     25.200005     41.971710      1.404809
     25.250008     42.917855      1.407119
     25.300010     43.868264      1.409381
     25.350012     44.818238      1.411538
     25.400015     45.765989      1.413786
     25.449987     46.719065      1.416296
     25.499988     47.667166      1.418617
     25.549990     48.612622      1.421133
     25.599993     49.569124      1.423947
     25.649995     50.517868      1.426357
     25.699997     51.467565      1.428648
     25.750000     52.427274      1.430771
     25.800001     53.386839      1.432865
     25.850004     54.337118      1.434750
     25.900006     55.286975      1.436507
     25.950008     56.245609      1.438149
     26.000011     57.206646      1.439506
     26.050013     58.155810      1.440970
     26.100014     59.112598      1.442410
     26.149986     60.059158      1.443768
     26.199989     61.007499      1.445050
     26.249991     61.965378      1.446449
     26.299993     62.922684      1.447891
     26.349996     63.884360      1.449310
     26.399997     64.840201      1.450771
