      0.050002      0.008873     -0.001331
      0.100004      0.012586     -0.004055
      0.150006      0.005552     -0.005041
      0.200008      0.001052     -0.003305
      0.250011      0.092218      0.002592
      0.300013      0.271315      0.011133
      0.350015      0.535044      0.021262
      0.400018      0.848084      0.034590
      0.450019      1.232971      0.050613
      0.500021      1.669092      0.068757
      0.550024      2.151324      0.088566
      0.600026      2.693977      0.110789
      0.650029      3.273309      0.135000
      0.700000      3.886872      0.160819
      0.750002      4.537347      0.187719
      0.800004      5.211887      0.215468
      0.850007      5.927007      0.244105
      0.900009      6.655455      0.273540
      0.950011      7.412989      0.303327
      1.000014      8.194868      0.333249
      1.050015      8.986451      0.362803
      1.100017      9.789820      0.392453
      1.150020     10.609289      0.422191
      1.200022     11.440807      0.452372
      1.250025     12.293545      0.482587
      1.300026     13.155614      0.512283
      1.350028     14.021200      0.541329
      1.400030     14.905820      0.569790
      1.450001     15.789259      0.597846
      1.500004     16.688726      0.625477
      1.550006     17.583697      0.652969
      1.600009     18.489270      0.680764
      1.650011     19.397061      0.708587
      1.700012     20.299523      0.736557
      1.750015     21.224045      0.763806
      1.800017     22.140345      0.790283
      1.850019     23.066945      0.816310
      1.900022     23.993049      0.841809
      1.950023     24.923591      0.866894
      2.000026     25.859957      0.891607
      2.050028     26.788747      0.915924
      2.100000     27.732081      0.939519
      2.150002     28.668975      0.962585
      2.200004     29.612888      0.985114
      2.250006     30.556405      1.007405
      2.300008     31.501398      1.029786
      2.350011     32.450159      1.052309
      2.400013     33.396819      1.074106
      2.450015     34.348913      1.095249
      2.500018     35.294909      1.115560
      2.550019     36.243354      1.135243
      2.600021     37.194611      1.154606
      2.650024     38.135583      1.173864
      2.700026     39.092323      1.193088
      2.750029     40.038229      1.212038
      2.800000     40.992085      1.230985
      2.850002     41.952486      1.249807
      2.900004     42.899245      1.268456
      2.950007     43.860583      1.287132
      3.000009     44.805744      1.305650
      3.050011     45.766865      1.324208
      3.100014     46.721597      1.342619
      3.150015     47.669357      1.360593
      3.200017     48.622441      1.378478
      3.250020     49.569940      1.395979
      3.300022     50.519736      1.413133
      3.350024     51.472210      1.430037
      3.400026     52.430757      1.446960
      3.450028     53.378899      1.463594
      3.500000     54.330496      1.480213
      3.550002     55.276045      1.496573
      3.600005     56.237515      1.512824
      3.650007     57.193782      1.529036
      3.700009     58.138651      1.544970
      3.750011     59.093406      1.560837
      3.800013     60.045460      1.576703
      3.850016     61.002407      1.592448
      3.900018     61.964370      1.608267
      3.950020     62.921690      1.623907
      4.000022     63.882157      1.639509
      4.050024     64.832028      1.655077
      4.100027     65.799217      1.670309
      4.150029     66.746594      1.685361
      4.200001     67.706656      1.700372
      4.250003     68.674474      1.715469
      4.300004     69.621194      1.730582
      4.350007     70.568459      1.745710
      4.400009     71.522317      1.760729
      4.450012     72.476005      1.775405
      4.500014     73.431373      1.789896
      4.550016     74.390081      1.804403
      4.600018     75.335929      1.818923
      4.650020     76.300108      1.833640
      4.700022     77.250268      1.847923
      4.750025     78.209173      1.862303
      4.800027     79.182053      1.876466
      4.850030     80.140043      1.890677
      4.900000     81.096230      1.904566
      4.950003     82.055677      1.918287
      5.000005     83.015005      1.931857
      5.050008     83.975449      1.945229
      5.100010     84.928960      1.958423
      5.150011     85.896375      1.971764
      5.200014     86.854941      1.985357
      5.250016     87.809814      1.999055
      5.300018     88.761365      2.012849
      5.350021     89.712366      2.026301
      5.400023     90.667757      2.039628
      5.450024     91.619162      2.052782
      5.500027     92.573084      2.065537
      5.550029     93.523169      2.078542
      5.600001     94.479564      2.091161
      5.650003     95.426992      2.103862
      5.700006     96.384048      2.116331
      5.750007     97.329019      2.128895
      5.800010     98.291188      2.141667
      5.850012     99.249915      2.154445
      5.900014    100.201882      2.167348
      5.950017    101.159973      2.180182
      6.000019    102.118081      2.193136
      6.050020    103.069490      2.206076
      6.100023    104.024027      2.218760
      6.150025    104.977106      2.231580
      6.200028    105.932535      2.244216
      6.250030    106.888858      2.256931
      6.300002    107.839271      2.269657
      6.350003    108.797184      2.282453
      6.400005    109.745367      2.295129
      6.450008    110.704934      2.307636
      6.500010    111.668033      2.320113
      6.550013    112.622104      2.332318
      6.600014    113.591243      2.344708
      6.650016    114.543425      2.357140
      6.700018    115.496216      2.369488
      6.750020    116.451386      2.381883
      6.800022    117.413579      2.394199
      6.850025    118.373548      2.406504
      6.900027    119.327854      2.418798
      6.950030    120.273401      2.431146
      7.000000    121.219609      2.443540
      7.050003    122.176789      2.455977
      7.100005    123.126143      2.468512
      7.150008    124.075167      2.481259
      7.200010    125.030609      2.493769
      7.250011    125.984502      2.506676
      7.300014    126.953481      2.519513
      7.350016    127.909182      2.532287
      7.400018    128.860256      2.545065
      7.450021    129.810829      2.557298
      7.500023    130.765834      2.569162
      7.550024    131.717502      2.580878
      7.600027    132.676544      2.592398
      7.650029    133.635509      2.603987
      7.700001    134.587690      2.615638
      7.750003    135.548414      2.626978
      7.800006    136.504010      2.638283
      7.850007    137.454379      2.649434
      7.900010    138.404928      2.660447
      7.950012    139.365404      2.671518
      8.000014    140.318335      2.682580
      8.050017    141.276071      2.693635
      8.100019    142.225926      2.704439
      8.150020    143.177843      2.715688
      8.200023    144.135889      2.726728
      8.250025    145.091514      2.737763
      8.300028    146.054118      2.748976
      8.350030    147.008964      2.760044
      8.400002    147.962931      2.771226
      8.450003    148.915497      2.782084
      8.500005    149.863140      2.792893
      8.550008    150.821611      2.803598
      8.600010    151.770296      2.814209
      8.650013    152.720549      2.824613
      8.700015    153.680759      2.835076
      8.750016    154.630399      2.845774
      8.800019    155.591888      2.856379
      8.850021    156.550613      2.867022
      8.900023    157.505020      2.877516
      8.950026    158.472019      2.887999
      9.000027    159.427770      2.898592
      9.050030    160.385603      2.909226
      9.100001    161.337986      2.919772
      9.150004    162.292179      2.930301
      9.200006    163.252272      2.940877
      9.250009    164.212792      2.951310
      9.300010    165.169425      2.961615
      9.350012    166.123780      2.972111
      9.400015    167.087072      2.982594
      9.450017    168.046809      2.993311
      9.500019    169.007009      3.003933
      9.550022    169.971288      3.014408
      9.600023    170.928863      3.025362
      9.650025    171.887117      3.036685
      9.700028    172.847814      3.048890
      9.750000    173.814371      3.061706
      9.800002    174.769113      3.074582
      9.850004    175.732142      3.087087
      9.900006    176.695305      3.099318
      9.950008    177.651265      3.110875
     10.000011    178.609286      3.122314
     10.050013    179.569773      3.133158
     10.100015    180.531869      3.143773
     10.150018    181.492362      3.154241
     10.200019    182.453853      3.164395
     10.250021    183.324077      3.173961
     10.300024    184.103007      3.182998
     10.350026    184.807095      3.191253
     10.400029    185.434671      3.199476
     10.450030    185.995217      3.207060
     10.500002    186.503370      3.214312
     10.550004    186.956436      3.220718
     10.600006    187.375181      3.226483
     10.650009    187.751442      3.232220
     10.700011    188.096790      3.237201
     10.750013    188.396007      3.241806
     10.800015    188.665912      3.246011
     10.850017    188.905165      3.250040
     10.900020    189.124765      3.253849
     10.950022    189.323016      3.257338
     11.000024    189.506934      3.260784
     11.050026    189.665747      3.264190
     11.100028    189.815392      3.267134
     11.150000    189.945801      3.269844
     11.200002    190.059506      3.272222
     11.250005    190.163672      3.274545
     11.300007    190.262304      3.276514
     11.350008    190.351073      3.278408
     11.400011    190.424862      3.279991
     11.450013    190.497985      3.281354
     11.500016    190.566238      3.282581
     11.550018    190.617900      3.283747
     11.600020    190.668057      3.284979
     11.650022    190.712589      3.286271
     11.700024    190.763654      3.287616
     11.750026    190.798015      3.289011
     11.800029    190.832603      3.289777
     11.850001    190.855797      3.290528
     11.900003    190.885216      3.291387
     11.950004    190.908642      3.292038
     12.000006    190.926064      3.292563
     12.050008    190.947846      3.293219
     12.100011    190.967451      3.294053
     12.150013    191.319572      3.294864
     12.200015    191.304446      3.295534
     12.250018    191.290832      3.296320
     12.300019    191.269424      3.297027
     12.350021    191.164706      3.297785
     12.400024    190.972192      3.298285
     12.450026    190.707375      3.298673
     12.500029    190.365278      3.298962
     12.550000    189.950578      3.298855
     12.600002    189.487625      3.298760
     12.650004    188.975141      3.298490
     12.700006    188.414416      3.298309
     12.750009    187.812716      3.298146
     12.800011    187.180853      3.298304
     12.850013    186.504753      3.298080
     12.900015    185.813253      3.298184
     12.950017    185.092026      3.298033
     13.000020    184.349535      3.297775
     13.050022    183.592792      3.297666
     13.100024    182.797585      3.297261
     13.150026    181.996448      3.297142
     13.200028    181.173495      3.296851
     13.250000    180.348607      3.296345
     13.300002    179.498175      3.296012
     13.350005    178.629634      3.295102
     13.400007    177.772263      3.294649
     13.450008    176.893816      3.293998
     13.500011    176.012880      3.293289
     13.550013    175.119938      3.292529
     13.600016    174.225347      3.291723
     13.650018    173.317675      3.291059
     13.700020    172.406163      3.290339
     13.750022    171.493028      3.289752
     13.800024    170.573549      3.289285
     13.850026    169.650191      3.288620
     13.900029    168.716628      3.288327
     13.950001    167.795854      3.287575
     14.000003    166.867668      3.287020
     14.050004    165.932202      3.286338
     14.100007    165.004222      3.285785
     14.150009    164.068330      3.285104
     14.200012    163.132031      3.284491
     14.250014    162.186822      3.283757
     14.300015    161.251294      3.283095
     14.350018    160.312881      3.282500
     14.400020    159.365159      3.281843
     14.450022    158.420655      3.281312
     14.500025    157.469281      3.280773
     14.550027    156.516608      3.280044
     14.600029    155.569479      3.279571
     14.650000    154.618794      3.279023
     14.700003    153.672845      3.278225
     14.750005    152.730547      3.277263
     14.800007    151.776886      3.276457
     14.850010    150.823375      3.276038
     14.900011    149.864506      3.275294
     14.950014    148.910580      3.274503
     15.000016    147.950726      3.273668
     15.050018    146.983097      3.272795
     15.100021    146.029832      3.271887
     15.150023    145.076677      3.271253
     15.200024    144.113855      3.270439
     15.250027    143.160644      3.269645
     15.300029    142.200824      3.268808
     15.350001    141.251536      3.268176
     15.400003    140.307453      3.267425
     15.450006    139.347304      3.266383
     15.500007    138.398939      3.265262
     15.550009    137.444091      3.264314
     15.600012    136.487070      3.263583
     15.650014    135.539080      3.262864
     15.700017    134.585180      3.262095
     15.750019    133.630842      3.261158
     15.800020    132.679164      3.260193
     15.850023    131.721944      3.259264
     15.900025    130.767671      3.258489
     15.950027    129.811168      3.257791
     16.000030    128.863033      3.257041
     16.050001    127.916937      3.256243
     16.100003    126.954975      3.255709
     16.150005    125.997045      3.255045
     16.200008    125.042744      3.254569
     16.250010    124.089267      3.253836
     16.300013    123.137141      3.252932
     16.350014    122.180740      3.252057
     16.400016    121.226593      3.251270
     16.450019    120.279359      3.250318
     16.500021    119.322477      3.249277
     16.550023    118.364845      3.248585
     16.600026    117.400437      3.247962
     16.650027    116.442135      3.247401
     16.700029    115.482617      3.246835
     16.750001    114.522003      3.246326
     16.800004    113.570779      3.245685
     16.850006    112.615189      3.244864
     16.900008    111.661162      3.244185
     16.950010    110.707321      3.243087
     17.000012    109.751207      3.242220
     17.050015    108.802202      3.241501
     17.100017    107.849219      3.240732
     17.150019    106.898149      3.240040
     17.200022    105.945749      3.239295
     17.250023    104.993373      3.238685
     17.300024    104.030031      3.238014
     17.350027    103.075132      3.237350
     17.400029    102.115013      3.236874
     17.450001    101.155079      3.236262
     17.500003    100.208740      3.235895
     17.550006     99.256326      3.235259
     17.600007     98.298443      3.234809
     17.650009     97.342353      3.234343
     17.700012     96.384214      3.233740
     17.750014     95.432166      3.233198
     17.800017     94.469120      3.232587
     17.850019     93.512656      3.231733
     17.900020     92.556622      3.230903
     17.950023     91.602806      3.229912
     18.000025     90.653427      3.229203
     18.050027     89.696446      3.228443
     18.100030     88.742389      3.227759
     18.150001     87.788520      3.226594
     18.200003     86.829940      3.225912
     18.250005     85.875053      3.224931
     18.300008     84.922269      3.224049
     18.350010     83.962223      3.223194
     18.400013     83.011511      3.222302
     18.450014     82.052719      3.221805
     18.500016     81.100082      3.221174
     18.550019     80.145663      3.220485
     18.600021     79.189027      3.219742
     18.650023     78.237722      3.218951
     18.700026     77.277785      3.218057
     18.750027     76.318626      3.217252
     18.800029     75.360777      3.216527
     18.850001     74.402276      3.215509
     18.900004     73.448071      3.214104
     18.950006     72.487356      3.213084
     19.000008     71.529938      3.212104
     19.050010     70.584642      3.211223
     19.100012     69.626453      3.210247
     19.150015     68.677410      3.209185
     19.200017     67.714018      3.208107
     19.250019     66.765176      3.207382
     19.300022     65.814172      3.206301
     19.350023     64.848402      3.205268
     19.400025     63.893760      3.204155
     19.450028     62.947910      3.203153
     19.500000     61.986170      3.202129
     19.550002     61.032712      3.201086
     19.600004     60.078773      3.200269
     19.650006     59.119518      3.199716
     19.700008     58.166466      3.198792
     19.750010     57.208009      3.197899
     19.800013     56.253844      3.197035
     19.850015     55.298659      3.196256
     19.900017     54.343776      3.195251
     19.950019     53.394658      3.194163
     20.000021     52.436690      3.193000
     20.050024     51.484186      3.191954
     20.100026     50.530495      3.190952
     20.150028     49.572074      3.190049
     20.200030     48.613058      3.188749
     20.250002     47.661442      3.187396
     20.300004     46.706719      3.186055
     20.350006     45.751641      3.184666
     20.400009     44.796855      3.183416
     20.450011     43.839890      3.182230
     20.500013     42.874250      3.180918
     20.550015     41.924606      3.179432
     20.600017     40.969217      3.177973
     20.650020     40.015982      3.176476
     20.700022     39.057971      3.174885
     20.750024     38.107259      3.173087
     20.800026     37.157012      3.171347
     20.850028     36.202911      3.169475
     20.900000     35.240459      3.167486
     20.950002     34.271712      3.165390
     21.000005     33.329037      3.163443
     21.050007     32.367713      3.161507
     21.100008     31.414630      3.159521
     21.150011     30.456755      3.157672
     21.200013     29.504946      3.155459
     21.250016     28.556152      3.153528
     21.300018     27.596646      3.151546
     21.350019     26.640925      3.149458
     21.400022     25.682509      3.147334
     21.450024     24.719225      3.145300
     21.500026     23.767429      3.143225
     21.550029     22.809492      3.141236
     21.600001     21.858237      3.139324
     21.650002     20.905670      3.137115
     21.700004     19.956806      3.134943
     21.750007     18.999677      3.132806
     21.800009     18.038772      3.130638
     21.850011     17.089728      3.128320
     21.900014     16.132437      3.125808
     21.950015     15.182373      3.123302
     22.000018     14.216230      3.120436
     22.050020     13.264913      3.117857
     22.100022     12.300083      3.114865
     22.150025     11.351169      3.111562
     22.200027     10.392774      3.108100
     22.250028      9.447210      3.100590
     22.300000      8.508920      3.074788
     22.350003      7.558257      2.996145
     22.400005      6.619651      2.825145
     22.450007      5.857304      2.571940
     22.500010      5.284109      2.283568
     22.550011      4.851852      2.033799
     22.600044      4.545220      1.902820
     22.650015      4.355923      1.885404
     22.700017      4.288096      1.932780
     22.750020      4.328981      2.010941
     22.800022      4.459774      2.100024
     22.850024      4.659276      2.190026
     22.900026      4.945641      2.275666
     22.950028      5.296754      2.355245
