      0.050002      0.001259      0.001068
      0.100004     -0.003100      0.000687
      0.150007      0.001521      0.000100
      0.200008     -0.003475      0.000487
      0.250010      0.089075      0.005413
      0.300013      0.271860      0.013691
      0.350015      0.522427      0.023645
      0.399987      0.830946      0.034495
      0.449989      1.205051      0.045480
      0.499991      1.653441      0.056832
      0.549993      2.148546      0.068575
      0.599996      2.683863      0.080975
      0.649998      3.260866      0.094087
      0.700000      3.879656      0.108452
      0.750003      4.536057      0.124067
      0.800004      5.213489      0.141293
      0.850006      5.926328      0.159849
      0.900009      6.653945      0.179418
      0.950011      7.411340      0.199410
      1.000014      8.190654      0.219722
      1.050015      8.987252      0.240811
      1.099987      9.798187      0.261684
      1.149989     10.624464      0.282910
      1.199991     11.465772      0.304638
      1.249994     12.318166      0.326757
      1.299996     13.172601      0.349228
      1.349998     14.041082      0.371526
      1.400000     14.914269      0.393426
      1.450001     15.805730      0.415090
      1.500004     16.694716      0.436967
      1.550006     17.594902      0.459098
      1.600008     18.495403      0.481640
      1.650011     19.399850      0.503820
      1.700012     20.318224      0.525553
      1.750015     21.234483      0.547248
      1.800017     22.156164      0.568727
      1.849989     23.078451      0.590255
      1.899991     24.005558      0.611950
      1.949994     24.938221      0.633795
      1.999995     25.866731      0.655653
      2.049997     26.800658      0.677705
      2.100000     27.743733      0.699871
      2.150002     28.679783      0.722262
      2.200004     29.625378      0.745100
      2.250007     30.566747      0.768156
      2.300008     31.511637      0.791226
      2.350010     32.462747      0.813760
      2.400013     33.405418      0.835993
      2.450015     34.358193      0.858139
      2.499987     35.306635      0.880511
      2.549989     36.257280      0.902783
      2.599991     37.202583      0.924842
      2.649993     38.153455      0.946648
      2.699996     39.100794      0.968593
      2.749998     40.054109      0.990724
      2.800000     40.997543      1.013022
      2.850003     41.955277      1.035226
      2.900004     42.904520      1.057408
      2.950006     43.858938      1.079385
      3.000009     44.816182      1.101301
      3.050011     45.768035      1.122917
      3.100014     46.731516      1.144448
      3.150016     47.690813      1.165656
      3.199987     48.635969      1.186635
      3.249989     49.590981      1.207287
      3.299991     50.539605      1.227094
      3.349994     51.491024      1.246751
      3.399996     52.441907      1.265969
      3.449998     53.397190      1.284913
      3.500000     54.347279      1.303671
      3.550002     55.292692      1.321836
      3.600005     56.249766      1.339648
      3.650007     57.206960      1.357328
      3.700009     58.161820      1.374643
      3.750011     59.107865      1.391631
      3.800013     60.067949      1.408507
      3.850016     61.018697      1.425099
      3.899987     61.976300      1.441253
      3.949990     62.932138      1.456950
      3.999992     63.883336      1.472116
      4.049994     64.839513      1.486864
      4.099996     65.790407      1.501419
      4.149998     66.749972      1.515434
      4.200001     67.702693      1.529390
      4.250003     68.659021      1.542866
      4.300005     69.612491      1.556398
      4.350007     70.559116      1.569859
      4.400009     71.516061      1.583073
      4.450011     72.470696      1.596185
      4.500014     73.423864      1.609696
      4.550016     74.375710      1.623076
      4.599988     75.334302      1.636156
      4.649989     76.287368      1.648782
      4.699992     77.247058      1.661000
      4.749994     78.196229      1.672790
      4.799997     79.152414      1.684194
      4.849999     80.107586      1.695191
      4.900000     81.060015      1.706064
      4.950003     82.012418      1.716521
      5.000005     82.965407      1.726665
      5.050007     83.911600      1.736711
      5.100010     84.877311      1.746728
      5.150012     85.832512      1.756415
      5.200014     86.789240      1.765987
      5.250016     87.743680      1.775763
      5.299988     88.695452      1.785476
      5.349990     89.654586      1.795133
      5.399992     90.611193      1.804496
      5.449995     91.570407      1.813961
      5.499996     92.527695      1.822967
      5.549999     93.477756      1.831805
      5.600001     94.446339      1.840675
      5.650003     95.397410      1.849329
      5.700006     96.343708      1.858094
      5.750008     97.295475      1.866715
      5.800009     98.244840      1.875146
      5.850012     99.209133      1.883527
      5.900014    100.167941      1.891802
      5.950017    101.121812      1.900226
      5.999988    102.074902      1.908541
      6.049991    103.028510      1.916756
      6.099992    103.984414      1.924821
      6.149994    104.936893      1.932812
      6.199997    105.896054      1.940676
      6.249999    106.856956      1.948546
      6.300002    107.817595      1.956423
      6.350003    108.766400      1.964245
      6.400005    109.726527      1.972200
      6.450008    110.677313      1.980031
      6.500010    111.630678      1.987750
      6.550012    112.583922      1.995613
      6.600015    113.541942      2.003483
      6.650016    114.498155      2.011359
      6.699988    115.448470      2.019181
      6.749989    116.402631      2.026952
      6.799992    117.359035      2.034679
      6.849994    118.316845      2.042183
      6.899997    119.271649      2.049546
      6.949999    120.220696      2.056723
      7.000000    121.171886      2.064158
      7.050003    122.121952      2.071643
      7.100005    123.073448      2.078869
      7.150007    124.031725      2.085920
      7.200010    124.988781      2.092878
      7.250012    125.943516      2.099871
      7.300014    126.902266      2.106898
      7.350016    127.860968      2.113894
      7.399988    128.823289      2.120678
      7.449990    129.787646      2.127455
      7.499992    130.739186      2.134470
      7.549995    131.701165      2.141394
      7.599996    132.657890      2.148419
      7.649999    133.611106      2.155474
      7.700001    134.565438      2.162434
      7.750003    135.521385      2.169430
      7.800006    136.470849      2.176459
      7.850008    137.429738      2.183457
      7.900009    138.384293      2.190304
      7.950012    139.337998      2.197138
      8.000014    140.298874      2.204082
      8.050017    141.250943      2.211247
      8.099988    142.205463      2.218001
      8.149991    143.161579      2.224872
      8.199992    144.117910      2.231851
      8.249994    145.073823      2.238619
      8.299997    146.023259      2.245321
      8.349999    146.977850      2.252025
      8.400002    147.926704      2.258790
      8.450004    148.883825      2.265611
      8.500005    149.831904      2.272300
      8.550008    150.784054      2.278869
      8.600010    151.742920      2.285330
      8.650012    152.701115      2.291695
      8.700015    153.657486      2.297850
      8.750016    154.617709      2.304122
      8.799988    155.580177      2.310561
      8.849990    156.540395      2.316905
      8.899993    157.497975      2.323103
      8.949995    158.450742      2.329474
      8.999998    159.407110      2.335758
      9.049999    160.358175      2.342085
      9.100001    161.318505      2.348206
      9.150004    162.271915      2.354264
      9.200006    163.227031      2.360511
      9.250008    164.190397      2.366865
      9.300011    165.141046      2.373254
      9.350012    166.099781      2.379738
      9.400015    167.060911      2.386488
      9.450017    168.021143      2.393419
      9.499989    168.983011      2.400144
      9.549991    169.946959      2.407112
      9.599993    170.903016      2.413811
      9.649995    171.864786      2.420450
      9.699997    172.823154      2.426975
      9.750000    173.784564      2.432847
      9.800002    174.742608      2.438681
      9.850004    175.697012      2.444237
      9.900007    176.660347      2.449726
      9.950008    177.626837      2.455215
     10.000010    178.581519      2.460705
     10.050013    179.549377      2.465951
     10.100015    180.510782      2.471038
     10.149987    181.476146      2.476288
     10.199988    182.438359      2.481379
     10.249991    183.308623      2.486084
     10.299993    184.090029      2.490623
     10.349995    184.790243      2.495257
     10.399998    185.427760      2.499428
     10.450000    185.996032      2.503365
     10.500002    186.497712      2.507458
     10.550004    186.958378      2.510897
     10.600006    187.372368      2.514114
     10.650009    187.743738      2.517315
     10.700011    188.081022      2.520257
     10.750013    188.383968      2.522965
     10.800015    188.650516      2.525525
     10.849987    188.892850      2.528073
     10.899989    189.112172      2.530183
     10.949991    189.307730      2.532266
     10.999994    189.485564      2.533956
     11.049996    189.656601      2.535661
     11.099998    189.803209      2.537379
     11.150000    189.928443      2.538863
     11.200002    190.044816      2.540322
     11.250005    190.148331      2.541756
     11.300007    190.246987      2.543047
     11.350009    190.326012      2.544515
     11.400011    190.401407      2.545896
     11.450013    190.471704      2.547384
     11.500015    190.535582      2.548844
     11.549987    190.592461      2.550220
     11.599990    190.635108      2.551519
     11.649992    190.677762      2.552628
     11.699993    190.721645      2.553686
     11.749996    190.764801      2.554761
     11.799998    190.797538      2.555850
     11.850001    190.827611      2.556830
     11.900003    190.857729      2.557896
     11.950004    190.886667      2.558794
     12.000007    190.909659      2.559846
     12.050009    190.935234      2.560793
     12.100010    190.958862      2.561462
     12.150013    190.969141      2.562248
     12.200015    190.982665      2.563015
     12.249987    190.995447      2.563646
     12.299989    191.009391      2.564335
     12.349991    190.929777      2.565260
     12.399993    190.751311      2.566032
     12.449995    190.492424      2.566726
     12.499998    190.168482      2.567169
     12.550000    189.777445      2.567383
     12.600002    189.333957      2.567454
     12.650004    188.828616      2.567396
     12.700006    188.284696      2.567283
     12.750009    187.711548      2.567181
     12.800011    187.081578      2.566784
     12.850013    186.423661      2.566549
     12.900015    185.730827      2.565971
     12.949987    185.005345      2.565512
     12.999989    184.265130      2.564855
     13.049991    183.506772      2.564203
     13.099994    182.729644      2.563493
     13.149996    181.923415      2.562672
     13.199998    181.108087      2.561993
     13.250000    180.280906      2.561261
     13.300002    179.430850      2.560601
     13.350005    178.579129      2.559703
     13.400007    177.720416      2.558711
     13.450009    176.845033      2.557879
     13.500011    175.955869      2.557070
     13.550013    175.071391      2.556341
     13.600015    174.168548      2.555747
     13.649987    173.261383      2.554967
     13.699990    172.351550      2.554266
     13.749992    171.438704      2.553268
     13.799993    170.528030      2.552249
     13.849996    169.609545      2.551270
     13.899998    168.688303      2.550023
     13.950001    167.762748      2.549022
     14.000003    166.829039      2.547695
     14.050004    165.892874      2.546317
     14.100007    164.949005      2.545321
     14.150009    164.010411      2.544363
     14.200011    163.069850      2.543624
     14.250014    162.128128      2.542714
     14.300016    161.183531      2.541590
     14.349987    160.233295      2.540578
     14.399989    159.282866      2.539668
     14.449992    158.338978      2.538909
     14.499994    157.386327      2.538166
     14.549996    156.437998      2.537374
     14.599999    155.477688      2.536479
     14.650000    154.529790      2.535246
     14.700003    153.589401      2.534137
     14.750005    152.638068      2.533138
     14.800007    151.683600      2.531873
     14.850010    150.733025      2.530612
     14.900012    149.782291      2.529294
     14.950013    148.825311      2.528108
     15.000016    147.874305      2.526919
     15.049988    146.921964      2.525788
     15.099990    145.967198      2.524586
     15.149992    145.013914      2.523383
     15.199995    144.067455      2.521934
     15.249996    143.114323      2.520568
     15.299999    142.159456      2.519339
     15.350001    141.207302      2.518233
     15.400003    140.252705      2.517116
     15.450006    139.297130      2.515988
     15.500008    138.341897      2.514851
     15.550009    137.385140      2.513645
     15.600012    136.441049      2.512376
     15.650014    135.487606      2.510990
     15.700016    134.533071      2.509742
     15.749988    133.584876      2.508558
     15.799990    132.625298      2.507432
     15.849992    131.674396      2.506357
     15.899994    130.715434      2.505451
     15.949997    129.765696      2.504269
     15.999999    128.816936      2.503205
     16.050002    127.855629      2.502003
     16.100003    126.900730      2.500739
     16.150005    125.949766      2.499479
     16.200008    124.993800      2.498162
     16.250010    124.036993      2.497037
     16.300012    123.085534      2.495781
     16.350015    122.123017      2.494406
     16.400016    121.182899      2.492864
     16.449988    120.217772      2.491537
     16.499990    119.257604      2.490159
     16.549993    118.297626      2.488859
     16.599995    117.353078      2.487444
     16.649997    116.401054      2.485926
     16.699999    115.447796      2.484377
     16.750001    114.484271      2.482861
     16.800004    113.526155      2.481558
     16.850006    112.571686      2.480019
     16.900008    111.616227      2.478389
     16.950011    110.669033      2.477106
     17.000012    109.715848      2.475767
     17.050014    108.759103      2.474502
     17.100017    107.802206      2.473119
     17.149989    106.851886      2.471813
     17.199991    105.891616      2.470516
     17.249992    104.933988      2.469165
     17.299995    103.976296      2.468011
     17.349997    103.023429      2.466789
     17.400000    102.075516      2.465689
     17.450001    101.117411      2.464393
     17.500003    100.164784      2.463106
     17.550006     99.211593      2.461886
     17.600008     98.253622      2.460361
     17.650009     97.299284      2.458744
     17.700012     96.354318      2.456922
     17.750014     95.393374      2.455283
     17.800016     94.438801      2.453747
     17.849988     93.490572      2.452181
     17.899990     92.526692      2.450589
     17.949992     91.568865      2.449094
     17.999994     90.609775      2.447261
     18.049997     89.658090      2.445612
     18.099999     88.705748      2.443944
     18.150002     87.749761      2.442199
     18.200003     86.795378      2.440323
     18.250005     85.847320      2.438573
     18.300008     84.891527      2.436450
     18.350010     83.940980      2.434721
     18.400012     82.992713      2.432800
     18.450015     82.045278      2.431009
     18.500016     81.083331      2.429398
     18.549988     80.130907      2.427642
     18.599990     79.188886      2.425940
     18.649993     78.239137      2.423859
     18.699995     77.281821      2.421864
     18.749997     76.328073      2.419824
     18.799999     75.368991      2.417683
     18.850001     74.412431      2.415634
     18.900004     73.469739      2.413790
     18.950006     72.519996      2.411765
     19.000008     71.569401      2.409575
     19.050011     70.615597      2.407177
     19.100012     69.661347      2.404836
     19.150014     68.709137      2.402363
     19.200017     67.750827      2.399954
     19.249989     66.801678      2.397603
     19.299991     65.845513      2.395243
     19.349993     64.885476      2.392752
     19.399995     63.931109      2.390267
     19.449997     62.967807      2.387663
     19.499999     62.004399      2.385199
     19.550002     61.043335      2.382736
     19.600004     60.089876      2.380092
     19.650006     59.129832      2.371854
     19.700008     58.165694      2.274777
     19.750010     57.209467      2.163543
     19.800013     56.253646      2.032608
     19.850015     55.296360      1.945103
     19.899987     54.343249      1.889785
     19.949988     53.377415      1.777682
     19.999991     52.425765      1.709932
     20.049993     51.474675      1.649505
     20.099995     50.516153      1.617766
     20.149998     49.556435      1.619658
     20.200000     48.601136      1.655968
     20.250002     47.651643      1.714038
     20.300004     46.699442      1.784979
     20.350006     45.744193      1.859262
     20.400009     44.793525      1.931854
     20.450011     43.834772      1.999690
     20.500013     42.876679      2.061718
     20.550015     41.927724      2.117544
     20.599987     40.970513      2.167177
     20.649989     40.010145      2.211969
     20.699991     39.055480      2.251427
     20.749994     38.099235      2.286572
     20.799996     37.142177      2.317960
     20.849997     36.179505      2.345537
     20.900000     35.216663      2.370051
     20.950002     34.265875      2.391503
     21.000005     33.314950      2.409712
     21.050007     32.355967      2.424940
     21.100008     31.394613      2.437180
     21.150011     30.435400      2.446609
     21.200013     29.479943      2.452899
     21.250015     28.528478      2.456056
     21.299987     27.581215      2.456030
     21.349990     26.629190      2.452832
     21.399991     25.680814      2.446963
     21.449993     24.730838      2.438507
     21.499996     23.773929      2.427173
     21.549998     22.818105      2.413433
     21.600000     21.870582      2.396428
     21.650003     20.904895      2.376851
     21.700004     19.946664      2.355386
     21.750007     18.982325      2.331735
     21.800009     18.027139      2.306664
     21.850011     17.072865      2.279462
     21.900014     16.122465      2.249974
     21.950016     15.160292      2.219286
     21.999987     14.211326      2.186905
     22.049989     13.265093      2.153184
     22.099992     12.312774      2.117587
     22.149994     11.347653      2.080422
     22.199996     10.391151      2.041908
     22.249999      9.452174      2.002057
     22.300000      8.502723      1.953129
     22.350003      7.553000      1.865942
     22.400005      6.626228      1.683590
     22.450007      5.668229      1.334351
     22.500010      4.905519      0.805921
     22.550012      4.327114      0.195871
     22.600013      3.895052     -0.352380
     22.650016      3.596529     -0.728189
     22.699988      3.421244     -0.872567
     22.749989      3.359314     -0.799562
     22.799991      3.396352     -0.645904
     22.849994      3.523071     -0.465193
     22.899996      3.732945     -0.281067
     22.949997      4.024372     -0.103758
     23.000000      4.372717      0.062230
     23.050002      4.786327      0.215647
     23.100005      5.258676      0.356225
     23.150007      5.764967      0.484271
