      0.050001     -0.010170      0.001048
      0.100004     -0.021765      0.002418
      0.149976     -0.022435     -0.006298
      0.199978     -0.021207     -0.004987
      0.249980      0.079998     -0.000511
      0.299983      0.255923      0.005226
      0.349984      0.506419      0.010390
      0.399986      0.828303      0.016014
      0.449989      1.206501      0.022174
      0.499991      1.645147      0.028817
      0.549993      2.141248      0.039739
      0.599996      2.678683      0.052804
      0.649997      3.250877      0.069934
      0.700000      3.870834      0.088464
      0.750002      4.520349      0.109962
      0.799974      5.204401      0.132851
      0.849976      5.917096      0.156747
      0.899979      6.641530      0.181854
      0.949980      7.392399      0.207869
      0.999982      8.171332      0.234273
      1.049985      8.961485      0.262126
      1.099987      9.769670      0.291100
      1.149989     10.594083      0.320411
      1.199992     11.434934      0.350148
      1.249993     12.294240      0.380330
      1.299996     13.159170      0.410423
      1.349998     14.028551      0.440010
      1.400000     14.906820      0.469628
      1.450003     15.789427      0.497933
      1.500004     16.680210      0.525421
      1.549976     17.581403      0.552663
      1.599978     18.479149      0.579500
      1.649981     19.390881      0.605790
      1.699983     20.305436      0.633052
      1.749985     21.229855      0.660761
      1.799987     22.153386      0.688508
      1.849989     23.073677      0.716043
      1.899991     24.003259      0.743388
      1.949994     24.937540      0.770074
      1.999996     25.869337      0.797143
      2.049999     26.804391      0.823947
      2.100000     27.739325      0.850938
      2.150002     28.683917      0.877490
      2.199974     29.628045      0.904620
      2.249977     30.569924      0.930991
      2.299979     31.507949      0.956862
      2.349981     32.446168      0.982098
      2.399983     33.390053      1.007374
      2.449985     34.332324      1.031404
      2.499987     35.277416      1.055290
      2.549990     36.226877      1.079839
      2.599992     37.177219      1.104496
      2.649994     38.122249      1.129862
      2.699996     39.074097      1.155010
      2.749998     40.030248      1.181550
      2.800001     40.971962      1.208244
      2.850003     41.926318      1.235381
      2.899975     42.887169      1.261940
      2.949977     43.839827      1.287675
      2.999979     44.793656      1.311325
      3.049981     45.747318      1.334135
      3.099983     46.708765      1.355031
      3.149986     47.664401      1.375302
      3.199988     48.613585      1.394644
      3.249989     49.560627      1.414311
      3.299992     50.511232      1.433659
      3.349994     51.465655      1.452598
      3.399997     52.416190      1.472267
      3.449999     53.371770      1.491618
      3.500001     54.320906      1.511048
      3.550003     55.274616      1.529694
      3.599974     56.239769      1.548185
      3.649977     57.195688      1.566170
      3.699979     58.140245      1.584370
      3.749982     59.101432      1.602826
      3.799984     60.062937      1.621572
      3.849985     61.016794      1.640702
      3.899988     61.972313      1.659445
      3.949990     62.920782      1.677656
      3.999992     63.874503      1.696793
      4.049995     64.831731      1.715908
      4.099997     65.790283      1.735248
      4.149999     66.733548      1.754973
      4.200001     67.681975      1.774252
      4.250003     68.642373      1.793800
      4.299975     69.590960      1.814201
      4.349977     70.547230      1.835370
      4.399980     71.501868      1.856802
      4.449981     72.456258      1.878471
      4.499984     73.414088      1.900293
      4.549986     74.367079      1.921947
      4.599988     75.317546      1.943388
      4.649991     76.271844      1.964334
      4.699992     77.231422      1.984650
      4.749994     78.189038      2.003788
      4.799997     79.146108      2.021806
      4.849999     80.105740      2.038206
      4.900002     81.061573      2.054003
      4.950003     82.017649      2.070357
      4.999975     82.966620      2.087334
      5.049977     83.926897      2.106153
      5.099979     84.880869      2.124250
      5.149981     86.040962      2.141757
      5.199983     86.970908      2.157637
      5.249986     87.905518      2.172966
      5.299988     88.841883      2.186823
      5.349989     89.787151      2.200393
      5.399992     90.725785      2.214131
      5.449994     91.671876      2.227900
      5.499997     92.606977      2.241696
      5.549999     93.553550      2.255333
      5.600001     94.495799      2.269071
      5.650003     95.438429      2.283389
      5.699974     96.384454      2.298105
      5.749977     97.339027      2.312449
      5.799979     98.282983      2.326701
      5.849982     99.243019      2.341909
      5.899984    100.190671      2.356816
      5.949985    101.144267      2.371270
      5.999988    102.095278      2.385378
      6.049990    103.048846      2.399356
      6.099992    104.003494      2.412913
      6.149995    104.950569      2.426702
      6.199997    105.897543      2.440637
      6.249999    106.847477      2.454583
      6.300001    107.797024      2.468416
      6.350003    108.752935      2.481781
      6.399975    109.702979      2.495275
      6.449977    110.666052      2.508945
      6.499980    111.618879      2.522957
      6.549981    112.564315      2.537521
      6.599984    113.521410      2.552276
      6.649986    114.470078      2.566167
      6.699988    115.427640      2.580072
      6.749991    116.380389      2.593624
      6.799993    117.333690      2.607530
      6.849994    118.285047      2.621450
      6.899997    119.234653      2.635198
      6.949999    120.190008      2.649402
      7.000002    121.140771      2.663712
      7.050004    122.091674      2.678300
      7.099975    123.043313      2.692466
      7.149977    123.993174      2.706498
      7.199980    124.953031      2.720042
      7.249982    125.899911      2.733941
      7.299984    126.854644      2.747793
      7.349987    127.809119      2.762334
      7.399988    128.768247      2.776460
      7.449990    129.716912      2.790210
      7.499993    130.675693      2.803562
      7.549995    131.635643      2.816616
      7.599998    132.583217      2.830074
      7.650000    133.537964      2.843956
      7.700001    134.499167      2.857854
      7.750004    135.466180      2.871704
      7.799975    136.426825      2.884963
      7.849978    137.381739      2.897751
      7.899980    138.340040      2.911396
      7.949983    139.291623      2.928194
      7.999984    140.241434      2.946302
      8.049986    141.199414      2.965712
      8.099989    142.151319      2.985623
      8.149991    143.109354      3.004336
      8.199993    144.061919      3.021545
      8.249996    145.011391      3.037215
      8.299997    145.964795      3.051501
      8.350000    146.919906      3.064909
      8.400002    147.874722      3.077768
      8.449974    148.834766      3.089892
      8.499976    149.793412      3.101352
      8.549977    150.742864      3.111910
      8.599980    151.699301      3.122756
      8.649982    152.657753      3.134103
      8.699985    153.611303      3.145354
      8.749987    154.568986      3.156822
      8.799989    155.532832      3.168364
      8.849991    156.494899      3.180034
      8.899993    157.447431      3.192002
      8.949995    158.408470      3.204115
      8.999998    159.361908      3.216788
      9.050000    160.316440      3.229108
      9.100003    161.279890      3.241112
      9.150004    162.237328      3.252832
      9.199976    163.188135      3.264050
      9.249978    164.149454      3.275612
      9.299981    165.102533      3.287177
      9.349983    166.073831      3.298868
      9.399985    167.037723      3.310366
      9.449987    167.991896      3.322118
      9.499989    168.945258      3.334404
      9.549991    169.906435      3.347048
      9.599994    170.866100      3.359282
      9.649996    171.818301      3.371270
      9.699998    172.773550      3.383279
      9.750000    173.734594      3.394515
      9.800002    174.688646      3.406031
      9.849974    175.646172      3.417921
      9.899976    176.613537      3.429355
      9.949979    177.565344      3.441659
      9.999981    178.523900      3.454747
     10.049983    179.478766      3.468724
     10.099985    180.446789      3.482951
     10.149987    181.411395      3.497586
     10.199990    182.370484      3.512223
     10.249992    183.337425      3.526129
     10.299993    184.207062      3.539376
     10.349996    184.987294      3.551482
     10.399997    185.691944      3.562438
     10.450000    186.326740      3.572177
     10.500002    186.902938      3.581002
     10.549974    187.405648      3.588945
     10.599976    187.866021      3.596094
     10.649977    188.286461      3.602894
     10.699980    188.658753      3.608831
     10.749982    189.003581      3.614419
     10.799985    189.303551      3.619264
     10.849987    189.585731      3.623503
     10.899989    189.836031      3.627990
     10.949991    190.051534      3.631784
     10.999993    190.255254      3.635442
     11.049995    190.439822      3.638735
     11.099998    190.602271      3.641454
     11.150000    190.755189      3.644206
     11.200003    190.883050      3.646378
     11.250004    191.003618      3.648577
     11.299976    191.101142      3.650251
     11.349978    191.205394      3.652124
     11.399981    191.289455      3.653626
     11.449983    191.363278      3.654673
     11.499985    191.429720      3.655799
     11.549987    191.505997      3.656934
     11.599989    191.563659      3.658138
     11.649991    191.608232      3.658856
     11.699994    191.655060      3.659929
     11.749996    191.699038      3.661017
     11.799998    191.733124      3.661569
     11.850000    191.769294      3.662554
     11.900002    191.799407      3.663258
     11.949974    191.827728      3.664013
     11.999976    191.847114      3.664510
     12.049979    191.868834      3.665078
     12.099981    191.883499      3.665346
     12.149983    191.900360      3.665832
     12.199985    191.919807      3.666330
     12.249987    191.930596      3.666778
     12.299990    191.943357      3.667242
     12.349992    191.963387      3.667721
     12.399993    191.863615      3.667602
     12.449996    191.692642      3.667801
     12.499998    191.436836      3.667614
     12.550001    191.107732      3.667445
     12.600003    190.715101      3.667354
     12.649975    190.263466      3.667272
     12.699976    189.767881      3.667565
     12.749978    189.222366      3.667096
     12.799981    188.633745      3.666918
     12.849983    188.002055      3.666819
     12.899986    187.340760      3.666119
     12.949988    186.658312      3.665673
     12.999989    185.946452      3.665088
     13.049992    185.211172      3.664439
     13.099994    184.449930      3.663856
     13.149996    183.673870      3.663147
     13.199999    182.876537      3.662510
     13.250001    182.061889      3.661936
     13.300003    181.227387      3.661236
     13.349974    180.393326      3.660546
     13.399977    179.531585      3.659863
     13.449979    178.665685      3.659615
     13.499982    177.791769      3.659147
     13.549984    176.907587      3.658360
     13.599985    176.014775      3.657835
     13.649988    175.116639      3.657180
     13.699990    174.204555      3.656712
     13.749992    173.290294      3.656168
     13.799995    172.388113      3.655374
     13.849996    171.461402      3.655087
     13.899998    170.538859      3.654462
     13.950001    169.604810      3.653960
     14.000003    168.672611      3.653631
     14.049975    167.745740      3.653090
     14.099977    166.812678      3.652482
     14.149979    165.878926      3.651873
     14.199981    164.948217      3.651448
     14.249984    164.003765      3.650576
     14.299986    163.060373      3.649670
     14.349988    162.112441      3.648854
     14.399991    161.165918      3.647815
     14.449992    160.220051      3.647123
     14.499994    159.269283      3.646318
     14.549997    158.316543      3.645838
     14.599999    157.368745      3.645283
     14.650002    156.421120      3.644662
     14.700004    155.474262      3.643920
     14.749975    154.519549      3.643129
     14.799977    153.571805      3.642541
     14.849979    152.623620      3.641705
     14.899982    151.675036      3.641015
     14.949984    150.726095      3.640088
     14.999987    149.773780      3.639315
     15.049988    148.822700      3.638558
     15.099990    147.871512      3.637755
     15.149993    146.917175      3.637093
     15.199995    145.967328      3.636253
     15.249997    145.011756      3.635802
     15.300000    144.056525      3.634909
     15.350001    143.097939      3.634409
     15.400004    142.145488      3.633777
     15.449975    141.191235      3.632780
     15.499978    140.242684      3.632128
     15.549980    139.289499      3.631479
     15.600012    138.332144      3.630895
     15.649984    137.373478      3.630187
     15.699985    136.411189      3.629550
     15.749988    135.454795      3.628915
     15.799990    134.495773      3.628099
     15.849992    133.549033      3.627304
     15.899995    132.599310      3.626223
     15.949997    131.652395      3.625310
     15.999998    130.695799      3.624428
     16.050001    129.744530      3.623634
     16.100003    128.785236      3.622980
     16.149975    127.830318      3.622453
     16.199977    126.875065      3.621857
     16.249979    125.928666      3.621137
     16.299981    124.965211      3.620672
     16.349984    124.007157      3.619704
     16.399986    123.055186      3.618467
     16.449988    122.094651      3.617231
     16.499991    121.144108      3.616241
     16.549992    120.195845      3.615411
     16.599994    119.236205      3.614237
     16.649997    118.287079      3.613486
     16.699999    117.333987      3.612687
     16.750002    116.368170      3.611480
     16.800004    115.418977      3.610577
     16.849975    114.466436      3.609581
     16.899977    113.512712      3.608624
     16.949979    112.557923      3.607945
     16.999982    111.600345      3.607091
     17.049984    110.647581      3.606749
     17.099987    109.688774      3.606502
     17.149988    108.731241      3.605791
     17.199990    107.769363      3.605030
     17.249993    106.816390      3.604345
     17.299995    105.860447      3.603911
     17.349997    104.903661      3.603093
     17.400000    103.947948      3.602052
     17.450001    102.995642      3.600749
     17.500004    102.050063      3.599760
     17.549975    101.093451      3.598808
     17.599978    100.135452      3.598012
     17.649980     99.183530      3.597479
     17.699981     98.224260      3.596756
     17.749984     97.263258      3.596043
     17.799986     96.306803      3.595463
     17.849989     95.357491      3.594636
     17.899991     94.407284      3.593830
     17.949993     93.456271      3.592983
     17.999995     92.502091      3.592099
     18.049997     91.540788      3.590936
     18.099999     90.595048      3.589768
     18.150002     89.636458      3.588595
     18.199974     88.682784      3.587661
     18.249976     87.726209      3.586271
     18.299977     86.773127      3.585264
     18.349980     85.818305      3.584358
     18.399982     84.866191      3.583604
     18.449985     83.909800      3.582437
     18.499987     82.956273      3.581264
     18.549989     81.991896      3.580209
     18.599991     81.036064      3.579015
     18.649993     80.079989      3.578123
     18.699995     79.119423      3.577443
     18.749998     78.158476      3.576648
     18.800000     77.206342      3.575505
     18.850003     76.249933      3.574537
     18.900004     75.292727      3.573727
     18.949976     74.337247      3.572754
     18.999978     73.386371      3.571939
     19.049980     72.425600      3.570901
     19.099983     71.470573      3.569966
     19.149985     70.518884      3.568759
     19.199987     69.564096      3.567733
     19.249989     68.610792      3.566566
     19.299991     67.657601      3.565394
     19.349994     66.699630      3.564277
     19.399996     65.745292      3.563090
     19.449997     64.788120      3.562082
     19.500000     63.846097      3.561113
     19.550002     62.894515      3.560120
     19.599974     61.933109      3.559287
     19.649976     60.977511      3.558171
     19.699979     60.029580      3.556983
     19.749980     59.082447      3.555793
     19.799982     58.133590      3.554660
     19.849985     57.185623      3.553274
     19.899987     56.231743      3.551722
     19.949990     55.285970      3.549959
     19.999992     54.326130      3.548555
     20.049993     53.370109      3.546864
     20.099996     52.408981      3.545098
     20.149998     51.447529      3.543204
     20.200000     50.493719      3.541255
     20.250003     49.546178      3.539012
     20.299975     48.595733      3.536994
     20.349976     47.639623      3.535055
     20.399978     46.690012      3.533189
     20.449981     45.743197      3.531448
     20.499983     44.790964      3.529392
     20.549986     43.837518      3.527421
     20.599988     42.887252      3.525341
     20.649989     41.931913      3.523103
     20.699992     40.977502      3.521027
     20.749994     40.022706      3.518977
     20.799996     39.059017      3.517009
     20.849999     38.109909      3.514627
     20.900000     37.146457      3.512240
     20.950033     36.189628      3.509908
     21.000004     35.224109      3.507138
     21.049976     34.261758      3.504645
     21.099978     33.316904      3.502463
     21.149980     32.368268      3.499888
     21.199983     31.408904      3.497326
     21.249985     30.445376      3.494960
     21.299987     29.480544      3.492830
     21.349989     28.531017      3.490669
     21.399991     27.563525      3.488297
     21.449994     26.610384      3.486163
     21.499996     25.656731      3.483814
     21.549997     24.709330      3.481761
     21.600000     23.759622      3.479426
     21.650002     22.801734      3.476835
     21.699974     21.844418      3.474382
     21.749976     20.890059      3.471746
     21.799979     19.937140      3.469374
     21.849980     18.985518      3.466874
     21.899982     18.022245      3.464501
     21.949985     17.071679      3.462060
     21.999987     16.113630      3.459924
     22.049990     15.146403      3.457697
     22.099992     14.192890      3.455570
     22.149993     13.232798      3.453412
     22.199996     12.276551      3.450860
     22.249998     11.312777      3.448318
     22.300000     10.358710      3.445543
     22.350003      9.424365      3.442800
     22.399975      8.489458      3.437891
     22.449976      7.540008      3.389404
     22.499978      6.601884      3.240906
     22.549981      5.845464      3.008258
     22.599983      5.260513      2.793320
     22.649986      4.839650      2.691185
     22.699988      4.543271      2.709557
     22.749989      4.358929      2.759173
     22.799992      4.296172      2.819269
     22.849994      4.342232      2.878422
     22.899996      4.462422      2.932636
     22.949999      4.671913      2.982161
     23.000001      4.952009      3.027038
     23.050002      5.305415      3.067734
     23.099974      5.712594      3.104786
     23.149977      6.179154      3.138378
     23.199979      6.695494      3.168855
     23.249981      7.257248      3.196589
     23.299983      7.845226      3.222160
     23.349985      8.477557      3.245113
     23.399988      9.146753      3.265893
     23.449990      9.847909      3.285083
     23.499992     10.572334      3.302293
     23.549995     11.321975      3.317843
     23.599996     12.082101      3.332632
     23.649998     12.873639      3.345880
     23.700001     13.672694      3.357926
     23.750003     14.484009      3.368889
     23.799975     15.323446      3.379123
     23.849977     16.166831      3.388760
     23.899979     17.021095      3.397799
     23.949981     17.888200      3.406362
     23.999983     18.758928      3.413764
     24.049986     19.641462      3.420913
     24.099988     20.534010      3.427043
     24.149991     21.426416      3.432743
     24.199992     22.333343      3.438605
     24.249994     23.235028      3.443942
     24.299997     24.146033      3.449172
     24.349999     25.059933      3.453880
     24.400001     25.971556      3.458543
     24.450004     26.890895      3.462741
     24.499975     27.816568      3.466519
     24.549977     28.747942      3.470468
     24.599979     29.672240      3.474267
     24.649982     30.607869      3.477869
     24.699984     31.543931      3.481110
     24.749986     32.482823      3.484333
     24.799988     33.426095      3.487477
     24.849990     34.370866      3.490368
     24.899993     35.316376      3.493398
     24.949995     36.263162      3.496551
     24.999997     37.204382      3.499573
     25.049999     38.142423      3.502170
     25.100001     39.094084      3.504812
     25.150003     40.037251      3.507191
     25.199975     40.989251      3.509697
     25.249978     41.936995      3.512075
     25.299980     42.888844      3.514521
     25.349981     43.840113      3.517149
     25.399984     44.784758      3.519820
     25.449986     45.731986      3.522467
     25.499989     46.680317      3.524728
     25.549991     47.633915      3.526824
     25.599993     48.586758      3.528588
     25.649995     49.543807      3.530664
     25.699997     50.493652      3.532654
     25.749999     51.446171      3.534934
     25.800002     52.396824      3.536925
     25.849974     53.350068      3.538777
     25.899976     54.298322      3.540567
     25.949977     55.253681      3.542727
     25.999980     56.216044      3.544549
     26.049982     57.170063      3.546310
     26.099984     58.122675      3.548140
     26.149987     59.080126      3.549909
     26.199989     60.032775      3.551867
     26.249991     60.990259      3.553934
     26.299992     61.951483      3.555917
     26.349994     62.914242      3.557641
     26.399997     63.861904      3.559436
     26.449999     64.808795      3.561235
     26.500001     65.764758      3.563037
     26.550004     66.712406      3.564598
     26.599975     67.672103      3.566247
     26.649977     68.629825      3.567975
     26.699979     69.585771      3.569347
     26.749982     70.548663      3.570643
     26.799984     71.500717      3.571992
     26.849987     72.456443      3.573756
     26.899988     73.412423      3.575344
     26.949990     74.363750      3.576956
