      0.050002      0.002374      0.004234
      0.100005      0.011835      0.002063
      0.150006      0.019129      0.002551
      0.200008      0.019590      0.000548
      0.250011      0.114000      0.011075
      0.300013      0.286251      0.024089
      0.350015      0.530390      0.037084
      0.400018      0.840448      0.051099
      0.450019      1.217158      0.066153
      0.500022      1.666062      0.083792
      0.550024      2.151864      0.102657
      0.599996      2.691627      0.124031
      0.649998      3.268967      0.148089
      0.700001      3.882569      0.173342
      0.750002      4.536741      0.199549
      0.800004      5.225595      0.225943
      0.850007      5.940169      0.253665
      0.900009      6.676672      0.281850
      0.950011      7.428636      0.310390
      1.000014      8.203062      0.339311
      1.050015      9.004417      0.368636
      1.100018      9.809256      0.397713
      1.150020     10.637373      0.427668
      1.200022     11.471790      0.456763
      1.250025     12.314931      0.485573
      1.300026     13.163480      0.513273
      1.349998     14.026053      0.541254
      1.400000     14.898195      0.568756
      1.450003     15.789326      0.595828
      1.500005     16.679235      0.623366
      1.550007     17.582084      0.650103
      1.600009     18.479489      0.675937
      1.650011     19.387252      0.700775
      1.700013     20.302506      0.725936
      1.750016     21.231218      0.751755
      1.800018     22.153729      0.777861
      1.850021     23.071271      0.804408
      1.900022     24.004482      0.831047
      1.950024     24.931044      0.857097
      1.999996     25.861386      0.881825
      2.049998     26.803066      0.905544
      2.100001     27.733587      0.930187
      2.150003     28.674206      0.954319
      2.200005     29.613539      0.978235
      2.250007     30.552324      1.001591
      2.300009     31.497329      1.025663
      2.350012     32.436946      1.049403
      2.400014     33.376598      1.073027
      2.450016     34.327876      1.096364
      2.500018     35.270698      1.117917
      2.550020     36.224220      1.138230
      2.600023     37.167840      1.159502
      2.650024     38.112925      1.180722
      2.699996     39.064211      1.201713
      2.749998     40.017416      1.222252
      2.800001     40.965023      1.243729
      2.850002     42.027223      1.264705
      2.900004     42.963672      1.285842
      2.950007     43.904744      1.306270
      3.000009     44.847535      1.326180
      3.050011     45.788212      1.345870
      3.100014     46.731258      1.364689
      3.150015     47.679489      1.383396
      3.200018     48.627502      1.402552
      3.250020     49.574709      1.422234
      3.300022     50.521192      1.442267
      3.350025     51.468242      1.462677
      3.399996     52.424959      1.483244
      3.449998     53.375727      1.503279
      3.500000     54.332739      1.522471
      3.550003     55.284993      1.540720
      3.600005     56.232965      1.557938
      3.650007     57.188071      1.575570
      3.700009     58.135558      1.593759
      3.750011     59.090837      1.612326
      3.800013     60.042752      1.630928
      3.850016     60.995913      1.648708
      3.900018     61.948974      1.666601
      3.950021     62.898893      1.683865
      4.000022     63.853920      1.702272
      4.050024     64.808050      1.720608
      4.099996     65.769918      1.738453
      4.149998     66.723491      1.755246
      4.200001     67.682417      1.771275
      4.250003     68.637614      1.788082
      4.300005     69.593118      1.805222
      4.350007     70.538523      1.823150
      4.400009     71.494979      1.840385
      4.450012     72.444902      1.857361
      4.500014     73.403595      1.873738
      4.550016     74.356141      1.888843
      4.600018     75.302545      1.904208
      4.650020     76.258681      1.919868
      4.700023     77.213809      1.936097
      4.750025     78.182679      1.952718
      4.799997     79.135229      1.968837
      4.849999     80.087741      1.984320
      4.900001     81.045711      1.999293
      4.950003     81.993945      2.014111
      5.000005     82.947454      2.029157
      5.050008     83.900219      2.044040
      5.100010     84.859637      2.058961
      5.150011     85.819551      2.073794
      5.200014     86.768924      2.089097
      5.250016     87.719186      2.103785
      5.300019     88.671469      2.118225
      5.350021     89.625572      2.131709
      5.400023     90.589246      2.144944
      5.450025     91.547497      2.159418
      5.499996     92.508190      2.174337
      5.549999     93.466200      2.189535
      5.600001     94.418742      2.204006
      5.650004     95.374297      2.218067
      5.700006     96.326462      2.232554
      5.750007     97.275575      2.247911
      5.800010     98.228655      2.263441
      5.850012     99.177981      2.278212
      5.900014    100.131253      2.292422
      5.950017    101.087466      2.305698
      6.000019    102.042053      2.318990
      6.050021    102.998839      2.332906
      6.100023    103.960046      2.346895
      6.150025    104.917907      2.360767
      6.199997    105.877639      2.374778
      6.249999    106.831732      2.388791
      6.300002    107.786852      2.403540
      6.350003    108.738625      2.417912
      6.400006    109.691048      2.431701
      6.450008    110.650768      2.445027
      6.500010    111.598747      2.457326
      6.550013    112.560572      2.468944
      6.600015    113.518378      2.480499
      6.650016    114.470128      2.492790
      6.700019    115.415204      2.506294
      6.750021    116.374417      2.519546
      6.800024    117.327432      2.532389
      6.850026    118.287686      2.544435
      6.899997    119.232482      2.556193
      6.949999    120.184729      2.567751
      7.000002    121.143682      2.579374
      7.050004    122.097683      2.591910
      7.100006    123.057604      2.604962
      7.150009    124.011255      2.618968
      7.200010    124.965369      2.632122
      7.250012    125.921728      2.645060
      7.300015    126.872175      2.657497
      7.350017    127.821573      2.669057
      7.400019    128.774909      2.680315
      7.450022    129.731180      2.692462
      7.500023    130.691313      2.705530
      7.550026    131.650648      2.718390
      7.599997    132.602552      2.730941
      7.650000    133.555703      2.742908
      7.700002    134.512418      2.754594
      7.750005    135.475391      2.766698
      7.800006    136.418362      2.778568
      7.850008    137.378732      2.790411
      7.900011    138.335229      2.802107
      7.950044    139.290072      2.813733
      8.000014    140.242206      2.825233
      8.050017    141.193122      2.836682
      8.100019    142.142942      2.847963
      8.150021    143.097879      2.859458
      8.200023    144.056201      2.871147
      8.250025    145.002921      2.883315
      8.299997    145.964833      2.895425
      8.349999    146.920888      2.906691
      8.400002    147.875943      2.917685
      8.450003    148.831929      2.928251
      8.500006    149.789975      2.938431
      8.550008    150.749264      2.949303
      8.600010    151.702346      2.961101
      8.650013    152.652896      2.973490
      8.700015    153.607879      2.985922
      8.750016    154.561359      2.998575
      8.800019    155.516539      3.010512
      8.850021    156.478742      3.021988
      8.900024    157.427122      3.033110
      8.950026    158.387478      3.043914
      8.999997    159.348846      3.054552
      9.049999    160.308073      3.065958
      9.100002    161.269645      3.078237
      9.150004    162.232717      3.091058
      9.200006    163.191037      3.103513
      9.250009    164.145078      3.115455
      9.300010    165.103205      3.126691
      9.350012    166.059514      3.137535
      9.400015    167.020902      3.148150
      9.450017    167.978315      3.158497
      9.500019    168.941307      3.168480
      9.550022    169.898944      3.178503
      9.600023    170.865799      3.188988
      9.650026    171.824471      3.200500
      9.699997    172.783102      3.212753
      9.750000    173.745970      3.225002
      9.800002    174.699832      3.236453
      9.850005    175.671225      3.247369
      9.900006    176.632760      3.258048
      9.950008    177.586644      3.268513
     10.000011    178.542797      3.278359
     10.050013    179.506486      3.288198
     10.100015    180.476347      3.297540
     10.150018    181.439555      3.308024
     10.200019    182.400437      3.318985
     10.250022    183.271946      3.330071
     10.300024    184.047758      3.340292
     10.349996    184.750262      3.349797
     10.399998    185.377633      3.358778
     10.450000    185.945929      3.366739
     10.500002    186.461057      3.374270
     10.550004    186.933217      3.380926
     10.600007    187.336189      3.386855
     10.650009    187.712901      3.392558
     10.700011    188.051332      3.397507
     10.750013    188.343713      3.402206
     10.800015    188.612959      3.406678
     10.850017    188.861385      3.410704
     10.900020    189.084967      3.414205
     10.950022    189.286192      3.417477
     11.000025    189.467294      3.420606
     11.050026    189.622961      3.423422
     11.099998    189.763672      3.425773
     11.150000    189.879936      3.428072
     11.200003    189.989456      3.430324
     11.250005    190.093518      3.432474
     11.300007    190.190225      3.434347
     11.350009    190.271768      3.436399
     11.400011    190.347599      3.437941
     11.450013    190.411573      3.439450
     11.500016    190.462437      3.441114
     11.550018    190.521031      3.442489
     11.600020    190.569494      3.443666
     11.650022    190.610669      3.444603
     11.700024    190.651388      3.445691
     11.749996    190.689867      3.446914
     11.799998    190.722056      3.448197
     11.850001    190.755299      3.449292
     11.900003    190.786439      3.450399
     11.950005    190.813854      3.451639
     12.000007    190.840359      3.452755
     12.050009    190.863602      3.453882
     12.100012    190.875977      3.454896
     12.150014    190.890776      3.455748
     12.200015    190.911420      3.456881
     12.250018    190.920233      3.457778
     12.300020    190.938541      3.458524
     12.350023    190.849426      3.459319
     12.400025    190.677668      3.459728
     12.449997    190.425429      3.460402
     12.499998    190.094652      3.460520
     12.550000    189.700515      3.460748
     12.600003    189.250576      3.460953
     12.650005    188.748584      3.461260
     12.700008    188.207068      3.461231
     12.750010    187.626928      3.461083
     12.800011    187.002262      3.461133
     12.850014    186.337522      3.460873
     12.900016    185.653195      3.460822
     12.950018    184.932929      3.460592
     13.000021    184.193135      3.460203
     13.050023    183.438208      3.459670
     13.100025    182.664168      3.459067
     13.149996    181.867433      3.458586
     13.199999    181.047220      3.458031
     13.250001    180.215643      3.457532
     13.300034    179.382384      3.457204
     13.350005    178.514041      3.456788
     13.400007    177.647081      3.456657
     13.450009    176.775874      3.456417
     13.500011    175.893519      3.455774
     13.550013    175.015170      3.455073
     13.600016    174.117233      3.454442
     13.650018    173.215093      3.453935
     13.700020    172.301848      3.453296
     13.750022    171.389593      3.452538
     13.800024    170.475179      3.451916
     13.849996    169.546614      3.451235
     13.899998    168.622403      3.450804
     13.950001    167.697839      3.450539
     14.000003    166.764411      3.450362
     14.050005    165.832771      3.449958
     14.100007    164.891755      3.449594
     14.150009    163.954507      3.448840
     14.200012    163.016378      3.448283
     14.250014    162.071352      3.447599
     14.300015    161.125613      3.446861
     14.350018    160.181673      3.446136
     14.400020    159.237520      3.445422
     14.450023    158.292567      3.444963
     14.500025    157.346893      3.444427
     14.549997    156.393245      3.444190
     14.599998    155.450733      3.443854
     14.650000    154.498100      3.443368
     14.700003    153.546124      3.443175
     14.750005    152.597792      3.442696
     14.800008    151.653960      3.442327
     14.850010    150.703191      3.441872
     14.900011    149.751672      3.441523
     14.950014    148.797647      3.440905
     15.000016    147.848692      3.440165
     15.050018    146.897584      3.439621
     15.100021    145.945150      3.439314
     15.150023    144.989692      3.439283
     15.200025    144.031511      3.438949
     15.249996    143.080646      3.438771
     15.299999    142.125989      3.438550
     15.350001    141.173413      3.438167
     15.400003    140.220268      3.437579
     15.450006    139.264779      3.437049
     15.500007    138.313895      3.436512
     15.550010    137.358001      3.436028
     15.600012    136.404311      3.435349
     15.650014    135.451994      3.434615
     15.700017    134.503965      3.433833
     15.750019    133.555523      3.433067
     15.800020    132.599384      3.432379
     15.850023    131.644254      3.431759
     15.900025    130.696134      3.431018
     15.949997    129.735402      3.430351
     15.999999    128.780411      3.429812
     16.050001    127.835467      3.429205
     16.100003    126.877595      3.428414
     16.150006    125.925177      3.427886
     16.200008    124.958135      3.427166
     16.250010    124.012113      3.426396
     16.300013    123.056321      3.425642
     16.350014    122.103334      3.425330
     16.400016    121.151039      3.424865
     16.450019    120.199979      3.424326
     16.500021    119.247587      3.423840
     16.550024    118.289115      3.423402
     16.600026    117.330053      3.423070
     16.649997    116.366797      3.422587
     16.699999    115.408314      3.421848
     16.750001    114.452903      3.421061
     16.800004    113.493545      3.420291
     16.850006    112.544062      3.419415
     16.900009    111.585766      3.418566
     16.950010    110.636628      3.417862
     17.000012    109.680474      3.417473
     17.050015    108.725940      3.417062
     17.100017    107.778967      3.416509
     17.150019    106.825371      3.416012
     17.200022    105.867646      3.415503
     17.250023    104.902543      3.414861
     17.300026    103.944227      3.414284
     17.349997    102.997513      3.413704
     17.400000    102.043540      3.412937
     17.450002    101.089137      3.412065
     17.500003    100.127635      3.411340
     17.550006     99.176221      3.410688
     17.600008     98.219850      3.409918
     17.650011     97.259627      3.409286
     17.700013     96.300210      3.408778
     17.750015     95.343960      3.408138
     17.800017     94.385067      3.407317
     17.850019     93.433560      3.406518
     17.900021     92.474054      3.405860
     17.950024     91.521385      3.405145
     17.999996     90.571209      3.404563
     18.049998     89.611068      3.403917
     18.099999     88.657218      3.403336
     18.150002     87.702316      3.402447
     18.200004     86.747688      3.401707
     18.250007     85.797579      3.400798
     18.300009     84.838719      3.399918
     18.350011     83.892126      3.399126
     18.400013     82.943755      3.398414
     18.450015     81.985240      3.397772
     18.500017     81.030411      3.396707
     18.550020     80.074018      3.395626
     18.600022     79.107672      3.394653
     18.650055     78.158003      3.393716
     18.700026     77.194657      3.392812
     18.749997     76.239143      3.391938
     18.799999     75.277250      3.391089
     18.850001     74.321213      3.389960
     18.900004     73.366174      3.389065
     18.950006     72.412643      3.388382
     19.000009     71.465352      3.387340
     19.050010     70.517575      3.386158
     19.100012     69.566307      3.385095
     19.150015     68.606404      3.384015
     19.200017     67.652769      3.382983
     19.250019     66.704163      3.381992
     19.300022     65.754592      3.381223
     19.350023     64.791944      3.380470
     19.400026     63.836448      3.379548
     19.449997     62.884337      3.378412
     19.500000     61.919403      3.377391
     19.550002     60.964902      3.376716
     19.600004     60.009414      3.375620
     19.650006     59.055479      3.374389
     19.700008     58.092566      3.373403
     19.750011     57.136832      3.372272
     19.800013     56.179013      3.371377
     19.850015     55.222981      3.370204
     19.900017     54.262452      3.369332
     19.950019     53.314968      3.368364
     20.000021     52.357860      3.367187
     20.050024     51.407350      3.365823
     20.099996     50.442026      3.364047
     20.149998     49.488395      3.362264
     20.199999     48.523313      3.360599
     20.250002     47.574782      3.358978
     20.300004     46.627109      3.357154
     20.350007     45.682649      3.355145
     20.400009     44.719718      3.353459
     20.450011     43.765799      3.351454
     20.500013     42.810835      3.349832
     20.550015     41.854320      3.348068
     20.600017     40.904343      3.346357
     20.650020     39.954148      3.344574
     20.700022     38.995211      3.342725
     20.750024     38.039393      3.340694
     20.800026     37.081499      3.338623
     20.849998     36.126619      3.336392
     20.900000     35.171401      3.334262
     20.950002     34.218930      3.332101
     21.000005     33.271372      3.330034
     21.050007     32.315420      3.327625
     21.100009     31.369612      3.325456
     21.150011     30.417065      3.323200
     21.200013     29.459063      3.321229
     21.250016     28.505917      3.319090
     21.300018     27.547377      3.316982
     21.350019     26.592526      3.314840
     21.400022     25.644657      3.312851
     21.450024     24.689035      3.310695
     21.499996     23.731928      3.308266
     21.549998     22.773484      3.306020
     21.600001     21.818720      3.303814
     21.650002     20.872762      3.301768
     21.700004     19.920689      3.299500
     21.750007     18.977763      3.297336
     21.800009     18.025979      3.294901
     21.850012     17.064391      3.292770
     21.900014     16.113511      3.290302
     21.950015     15.160672      3.287655
     22.000018     14.206679      3.285272
     22.050020     13.250428      3.282822
     22.100022     12.294586      3.280129
     22.150025     11.326905      3.277155
     22.199997     10.377255      3.274480
     22.249998      9.432847      3.271766
     22.300000      8.491937      3.259986
     22.350003      7.522434      3.190971
     22.400005      6.562601      2.983105
     22.450008      5.639545      2.563416
     22.500010      4.900960      1.971764
     22.550011      4.305815      1.343879
     22.600014      3.869672      0.807530
     22.650016      3.568698      0.463551
     22.700018      3.396090      0.373516
     22.750021      3.334738      0.529733
     22.800023      3.368024      0.742960
     22.850024      3.488314      0.971487
     22.899996      3.702168      1.192115
     22.949999      3.986190      1.396417
     23.000001      4.330923      1.582547
     23.050003      4.750438      1.750797
     23.100005      5.208568      1.902832
     23.150007      5.724037      2.040091
     23.200010      6.279512      2.163868
     23.250012      6.880760      2.275573
     23.300014      7.520762      2.376840
     23.350017      8.179162      2.468041
     23.400018      8.880367      2.550610
     23.450020      9.597512      2.625410
     23.500023     10.350976      2.692731
     23.550025     11.110882      2.753563
     23.599997     11.895507      2.808374
     23.649999     12.698717      2.858008
     23.700001     13.510719      2.902924
     23.750003     14.331854      2.943530
     23.800005     15.177689      2.980321
     23.850008     16.032935      3.014042
     23.900010     16.899705      3.044514
     23.950013     17.779896      3.072365
     24.000014     18.667896      3.097554
     24.050015     19.565363      3.120834
     24.100018     20.465858      3.141908
     24.150020     21.369689      3.161058
     24.200022     22.267367      3.178659
     24.250025     23.180259      3.194866
     24.299997     24.095247      3.209635
     24.349998     25.024329      3.223294
     24.400000     25.941681      3.235770
     24.450003     26.876552      3.247304
     24.500005     27.803996      3.258050
     24.550008     28.736965      3.267966
     24.600040     29.670022      3.277074
     24.650011     30.604989      3.285637
     24.700014     31.536183      3.293404
     24.750016     32.466422      3.300884
     24.800018     33.405567      3.307615
     24.850021     34.349066      3.314100
     24.900023     35.287327      3.319937
     24.950024     36.233083      3.325312
     24.999996     37.172765      3.330394
     25.049999     38.117357      3.335212
     25.100001     39.068200      3.339975
     25.150003     40.014292      3.344568
     25.200005     40.970146      3.348762
