735Labor_aprilis_7_145Mg 1307.2363255438652 9.637104902087641 190.952836 3.420276
736Labor_aprilis_7_145Mg 1145.8441962024383 4.925590385632356 190.884366 3.542633
739Labor_aprilis_14_Al 1275.8445494108792 6.149156823130638 191.124398 5.096155
740Labor_aprilis_14_Al 1181.8359628656424 4.421455299192075 191.038262 5.276184
741Labor_aprilis_14_Cu 1537.9589674079803 12.922580793726656 191.151113 2.237624
742Labor_aprilis_14_Cu 1268.2716216047802 6.066086939851479 192.091123 2.228297
743Labor_aprilis_14_Ni 1373.919284905478 5.260449768793503 191.041747 1.629192
744Labor_aprilis_14_Ni 1172.9351472995947 11.039287190956548 191.97345 1.578153
745Labor_aprilis_14_Ag 1560.028476989689 12.504224150738636 191.092024 3.301091
746Labor_aprilis_14_Ag 1305.79281054175 13.421167438964755 191.319572 3.294864
747Labor_aprilis_14_Acel 855.6144538349472 5.946535179273072 191.009391 2.564335
748Labor_aprilis_14_Acel 847.6031901677718 5.792345221908379 191.994008 2.255657
749Labor_aprilis_14_Acel 730.3990645695714 2.8375104072282458 191.014047 2.271523
750Labor_aprilis_14_047Mg 1611.051405838511 31.425039277681336 192.067516 4.122493
751Labor_aprilis_14_047Mg 1146.8705515618071 7.833616890393442 191.073705 4.189691
752Labor_aprilis_14_093Mg 840.3508750929162 5.651893686894933 190.980449 4.065075
753Labor_aprilis_14_093Mg 835.8148495133403 3.5050134040684946 191.00571 4.046753
754Labor_aprilis_14_125Mg 1623.1016495922534 23.04047389722081 191.931346 3.817729
755Labor_aprilis_14_125Mg 1351.596674048958 8.268946163250758 191.963387 3.667721
756Labor_aprilis_14_27Mg 1950.6294362699136 22.596002672311144 190.938541 3.458524
757Labor_aprilis_14_27Mg 1163.5973529749604 6.809017388183656 191.960641 3.373293
758Labor_aprilis_14_45Mg 1543.7457548297323 10.377122519491845 191.973882 2.927089
759Labor_aprilis_14_45Mg 1232.5692619321724 5.506386400409319 190.951555 2.829453
760Labor_aprilis_14_73Mg 880.7151185122711 4.394495260759207 191.059627 2.488242
761Labor_aprilis_14_73Mg 909.7002393020545 2.7303033538656196 191.943054 2.47949
