 20.0000        45
 20.0500        48
 20.1000        46
 20.1500        50
 20.2000        37
 20.2500        46
 20.3000        50
 20.3500        52
 20.4000        52
 20.4500        48
 20.5000        50
 20.5500        56
 20.6000        50
 20.6500        38
 20.7000        48
 20.7500        49
 20.8000        50
 20.8500        45
 20.9000        42
 20.9500        53
 21.0000        48
 21.0500        44
 21.1000        41
 21.1500        59
 21.2000        53
 21.2500        45
 21.3000        38
 21.3500        38
 21.4000        50
 21.4500        45
 21.5000        49
 21.5500        48
 21.6000        40
 21.6500        52
 21.7000        45
 21.7500        38
 21.8000        45
 21.8500        64
 21.9000        41
 21.9500        44
 22.0000        53
 22.0500        37
 22.1000        48
 22.1500        37
 22.2000        38
 22.2500        48
 22.3000        31
 22.3500        50
 22.4000        41
 22.4500        42
 22.5000        45
 22.5500        44
 22.6000        40
 22.6500        36
 22.7000        38
 22.7500        46
 22.8000        34
 22.8500        27
 22.9000        40
 22.9500        44
 23.0000        38
 23.0500        40
 23.1000        40
 23.1500        34
 23.2000        46
 23.2500        38
 23.3000        40
 23.3500        38
 23.4000        36
 23.4500        40
 23.5000        38
 23.5500        34
 23.6000        42
 23.6500        38
 23.7000        49
 23.7500        41
 23.8000        29
 23.8500        41
 23.9000        30
 23.9500        32
 24.0000        34
 24.0500        48
 24.1000        30
 24.1500        36
 24.2000        32
 24.2500        37
 24.3000        44
 24.3500        27
 24.4000        40
 24.4500        28
 24.5000        32
 24.5500        31
 24.6000        29
 24.6500        35
 24.7000        30
 24.7500        36
 24.8000        36
 24.8500        29
 24.9000        37
 24.9500        34
 25.0000        32
 25.0500        32
 25.1000        29
 25.1500        37
 25.2000        24
 25.2500        20
 25.3000        32
 25.3500        35
 25.4000        19
 25.4500        35
 25.5000        36
 25.5500        26
 25.6000        38
 25.6500        37
 25.7000        40
 25.7500        23
 25.8000        32
 25.8500        30
 25.9000        32
 25.9500        34
 26.0000        32
 26.0500        29
 26.1000        29
 26.1500        18
 26.2000        34
 26.2500        46
 26.3000        22
 26.3500        34
 26.4000        44
 26.4500        24
 26.5000        34
 26.5500        29
 26.6000        27
 26.6500        28
 26.7000        28
 26.7500        24
 26.8000        26
 26.8500        28
 26.9000        26
 26.9500        32
 27.0000        29
 27.0500        24
 27.1000        30
 27.1500        30
 27.2000        22
 27.2500        25
 27.3000        21
 27.3500        25
 27.4000        24
 27.4500        20
 27.5000        38
 27.5500        25
 27.6000        37
 27.6500        32
 27.7000        38
 27.7500        24
 27.8000        34
 27.8500        34
 27.9000        26
 27.9500        22
 28.0000        18
 28.0500        22
 28.1000        32
 28.1500        18
 28.2000        22
 28.2500        20
 28.3000        26
 28.3500        20
 28.4000        21
 28.4500        17
 28.5000        25
 28.5500        25
 28.6000        28
 28.6500        20
 28.7000        34
 28.7500        28
 28.8000        22
 28.8500        24
 28.9000        26
 28.9500        23
 29.0000        14
 29.0500        25
 29.1000        17
 29.1500        30
 29.2000        24
 29.2500        21
 29.3000        23
 29.3500        31
 29.4000        17
 29.4500        28
 29.5000        32
 29.5500        22
 29.6000        24
 29.6500        19
 29.7000        32
 29.7500        27
 29.8000        22
 29.8500        24
 29.9000        19
 29.9500        25
 30.0000        30
 30.0500        18
 30.1000        26
 30.1500        20
 30.2000        26
 30.2500        24
 30.3000        22
 30.3500        24
 30.4000        16
 30.4500        20
 30.5000        19
 30.5500        25
 30.6000        26
 30.6500        20
 30.7000        27
 30.7500        18
 30.8000        26
 30.8500        20
 30.9000        17
 30.9500        24
 31.0000        25
 31.0500        27
 31.1000        23
 31.1500        19
 31.2000        17
 31.2500        16
 31.3000        25
 31.3500        19
 31.4000        21
 31.4500        22
 31.5000        23
 31.5500        14
 31.6000        17
 31.6500        26
 31.7000        30
 31.7500        15
 31.8000        23
 31.8500        20
 31.9000        15
 31.9500        11
 32.0000        19
 32.0500        22
 32.1000        15
 32.1500        15
 32.2000        31
 32.2500        19
 32.3000        21
 32.3500        15
 32.4000        16
 32.4500        24
 32.5000        27
 32.5500        22
 32.6000        28
 32.6500        18
 32.7000        12
 32.7500        20
 32.8000        23
 32.8500        29
 32.9000        16
 32.9500        15
 33.0000        26
 33.0500        28
 33.1000        13
 33.1500        22
 33.2000        17
 33.2500        20
 33.3000        24
 33.3500        18
 33.4000        21
 33.4500        19
 33.5000        18
 33.5500        21
 33.6000        18
 33.6500        23
 33.7000        21
 33.7500        24
 33.8000        23
 33.8500        16
 33.9000        12
 33.9500        22
 34.0000        17
 34.0500        15
 34.1000        22
 34.1500        21
 34.2000        19
 34.2500        22
 34.3000        18
 34.3500        22
 34.4000        20
 34.4500        23
 34.5000        10
 34.5500        21
 34.6000        30
 34.6500        19
 34.7000        15
 34.7500        14
 34.8000        17
 34.8500        12
 34.9000        23
 34.9500        14
 35.0000        15
 35.0500        17
 35.1000        18
 35.1500        19
 35.2000        16
 35.2500        11
 35.3000        17
 35.3500        20
 35.4000        11
 35.4500        12
 35.5000        27
 35.5500        18
 35.6000        19
 35.6500        17
 35.7000        15
 35.7500        17
 35.8000        22
 35.8500        17
 35.9000        23
 35.9500        12
 36.0000        22
 36.0500        20
 36.1000        27
 36.1500        11
 36.2000        14
 36.2500        17
 36.3000        13
 36.3500        12
 36.4000        17
 36.4500        18
 36.5000        15
 36.5500        17
 36.6000        17
 36.6500        19
 36.7000        13
 36.7500        24
 36.8000        20
 36.8500        22
 36.9000        18
 36.9500        16
 37.0000        20
 37.0500        21
 37.1000        18
 37.1500        15
 37.2000        22
 37.2500        22
 37.3000        19
 37.3500        16
 37.4000        12
 37.4500        23
 37.5000        15
 37.5500        14
 37.6000        20
 37.6500        18
 37.7000        17
 37.7500        18
 37.8000        19
 37.8500        21
 37.9000        21
 37.9500        12
 38.0000        26
 38.0500        17
 38.1000        16
 38.1500        15
 38.2000        14
 38.2500        16
 38.3000        23
 38.3500        17
 38.4000        21
 38.4500        17
 38.5000        24
 38.5500        11
 38.6000        21
 38.6500        12
 38.7000        19
 38.7500        21
 38.8000        19
 38.8500        16
 38.9000        15
 38.9500        17
 39.0000        16
 39.0500        15
 39.1000        21
 39.1500        22
 39.2000         7
 39.2500        18
 39.3000        13
 39.3500        22
 39.4000        19
 39.4500        25
 39.5000        18
 39.5500        22
 39.6000        26
 39.6500        18
 39.7000        25
 39.7500        17
 39.8000        26
 39.8500        21
 39.9000        15
 39.9500        23
 40.0000        18
 40.0500        15
 40.1000        16
 40.1500        17
 40.2000        25
 40.2500        11
 40.3000        14
 40.3500        22
 40.4000        21
 40.4500        23
 40.5000        17
 40.5500        16
 40.6000        19
 40.6500        24
 40.7000        16
 40.7500        22
 40.8000        17
 40.8500        17
 40.9000        22
 40.9500        20
 41.0000        19
 41.0500        19
 41.1000        19
 41.1500        12
 41.2000        21
 41.2500        19
 41.3000        16
 41.3500        20
 41.4000        18
 41.4500         9
 41.5000        18
 41.5500        10
 41.6000        12
 41.6500        14
 41.7000         8
 41.7500        18
 41.8000        19
 41.8500        13
 41.9000        13
 41.9500        21
 42.0000        12
 42.0500        20
 42.1000         9
 42.1500        19
 42.2000        21
 42.2500        17
 42.3000        20
 42.3500        25
 42.4000        14
 42.4500        23
 42.5000        14
 42.5500        13
 42.6000        30
 42.6500        18
 42.7000        22
 42.7500        17
 42.8000        26
 42.8500        30
 42.9000        27
 42.9500        18
 43.0000        27
 43.0500        36
 43.1000        27
 43.1500        30
 43.2000        41
 43.2500        42
 43.3000        45
 43.3500        77
 43.4000       102
 43.4500       164
 43.5000       190
 43.5500       289
 43.6000       369
 43.6500       497
 43.7000       655
 43.7500       888
 43.8000      1211
 43.8500      1225
 43.9000      1109
 43.9500       847
 44.0000       557
 44.0500       361
 44.1000       196
 44.1500       106
 44.2000        67
 44.2500        55
 44.3000        38
 44.3500        28
 44.4000        27
 44.4500        29
 44.5000        21
 44.5500        17
 44.6000        31
 44.6500        22
 44.7000        23
 44.7500        29
 44.8000        21
 44.8500        34
 44.9000        23
 44.9500        13
 45.0000        24
 45.0500        19
 45.1000        26
 45.1500        16
 45.2000        26
 45.2500        21
 45.3000        18
 45.3500        15
 45.4000        27
 45.4500        12
 45.5000        12
 45.5500        15
 45.6000        17
 45.6500        15
 45.7000        20
 45.7500        19
 45.8000        12
 45.8500        15
 45.9000        13
 45.9500        19
 46.0000        21
 46.0500        25
 46.1000        20
 46.1500        17
 46.2000        19
 46.2500        11
 46.3000        19
 46.3500        14
 46.4000        13
 46.4500        15
 46.5000        23
 46.5500        17
 46.6000        12
 46.6500        23
 46.7000        17
 46.7500        17
 46.8000        10
 46.8500        22
 46.9000        13
 46.9500        10
 47.0000        21
 47.0500        18
 47.1000        24
 47.1500        18
 47.2000        18
 47.2500        14
 47.3000        10
 47.3500        15
 47.4000        12
 47.4500         8
 47.5000        13
 47.5500        17
 47.6000        25
 47.6500        21
 47.7000        16
 47.7500        12
 47.8000        12
 47.8500        24
 47.9000        18
 47.9500        14
 48.0000        19
 48.0500        14
 48.1000        15
 48.1500        11
 48.2000        20
 48.2500        12
 48.3000        14
 48.3500        26
 48.4000        14
 48.4500        15
 48.5000        12
 48.5500        16
 48.6000        15
 48.6500        23
 48.7000        13
 48.7500        16
 48.8000        15
 48.8500        10
 48.9000        19
 48.9500        17
 49.0000        16
 49.0500        15
 49.1000        13
 49.1500        13
 49.2000         9
 49.2500        13
 49.3000        14
 49.3500        14
 49.4000        15
 49.4500         9
 49.5000        10
 49.5500        13
 49.6000        16
 49.6500        18
 49.7000        20
 49.7500        19
 49.8000        12
 49.8500        17
 49.9000        14
 49.9500        22
 50.0000        19
 50.0500        12
 50.1000        10
 50.1500        20
 50.2000        13
 50.2500        14
 50.3000        15
 50.3500        11
 50.4000        21
 50.4500        15
 50.5000        16
 50.5500        16
 50.6000        11
 50.6500        17
 50.7000        14
 50.7500        18
 50.8000        14
 50.8500        21
 50.9000        13
 50.9500        12
 51.0000        17
 51.0500        18
 51.1000        19
 51.1500        12
 51.2000         7
 51.2500         8
 51.3000        17
 51.3500         7
 51.4000        13
 51.4500        10
 51.5000        16
 51.5500         6
 51.6000        10
 51.6500        13
 51.7000        11
 51.7500        19
 51.8000        18
 51.8500        18
 51.9000        17
 51.9500        11
 52.0000        14
 52.0500        13
 52.1000        18
 52.1500        17
 52.2000        10
 52.2500         9
 52.3000        13
 52.3500        13
 52.4000        16
 52.4500        16
 52.5000         6
 52.5500        14
 52.6000        17
 52.6500        13
 52.7000         4
 52.7500        15
 52.8000        13
 52.8500        12
 52.9000         5
 52.9500        13
 53.0000        11
 53.0500         9
 53.1000        13
 53.1500        10
 53.2000        16
 53.2500        11
 53.3000        17
 53.3500        15
 53.4000        14
 53.4500         9
 53.5000        11
 53.5500        12
 53.6000        18
 53.6500        14
 53.7000        10
 53.7500         9
 53.8000        11
 53.8500        11
 53.9000         8
 53.9500        18
 54.0000        14
 54.0500        14
 54.1000        15
 54.1500         9
 54.2000         7
 54.2500        18
 54.3000        17
 54.3500        12
 54.4000        15
 54.4500        11
 54.5000        13
 54.5500         6
 54.6000        11
 54.6500        16
 54.7000        13
 54.7500        20
 54.8000        13
 54.8500        17
 54.9000        16
 54.9500         9
 55.0000         9
 55.0500        13
 55.1000         8
 55.1500        15
 55.2000        14
 55.2500        12
 55.3000        10
 55.3500        14
 55.4000        11
 55.4500        10
 55.5000        20
 55.5500        13
 55.6000        18
 55.6500        12
 55.7000        10
 55.7500        18
 55.8000         7
 55.8500        21
 55.9000        12
 55.9500        10
 56.0000        16
 56.0500        11
 56.1000        10
 56.1500         8
 56.2000         9
 56.2500        11
 56.3000        12
 56.3500        13
 56.4000        14
 56.4500        12
 56.5000        12
 56.5500        14
 56.6000        15
 56.6500        15
 56.7000         9
 56.7500        16
 56.8000        17
 56.8500        14
 56.9000        13
 56.9500        14
 57.0000        14
 57.0500        11
 57.1000        18
 57.1500        14
 57.2000         7
 57.2500        10
 57.3000        12
 57.3500        10
 57.4000         8
 57.4500        14
 57.5000        17
 57.5500        11
 57.6000         7
 57.6500        10
 57.7000        17
 57.7500         9
 57.8000        23
 57.8500        10
 57.9000        20
 57.9500        13
 58.0000        14
 58.0500         7
 58.1000        11
 58.1500        20
 58.2000        22
 58.2500        14
 58.3000        12
 58.3500        11
 58.4000        12
 58.4500         9
 58.5000        14
 58.5500        10
 58.6000         7
 58.6500         9
 58.7000        18
 58.7500        10
 58.8000        13
 58.8500         9
 58.9000        14
 58.9500        21
 59.0000         7
 59.0500        13
 59.1000        15
 59.1500         9
 59.2000         9
 59.2500        15
 59.3000        10
 59.3500        14
 59.4000        15
 59.4500        11
 59.5000        13
 59.5500        18
 59.6000        12
 59.6500        15
 59.7000        11
 59.7500        15
 59.8000        16
 59.8500         8
 59.9000        15
 59.9500        16
 60.0000        12
 60.0500        18
 60.1000        16
 60.1500        10
 60.2000        23
 60.2500         7
 60.3000        15
 60.3500        17
 60.4000         6
 60.4500        11
 60.5000        13
 60.5500        12
 60.6000        11
 60.6500        13
 60.7000        17
 60.7500        12
 60.8000        14
 60.8500        21
 60.9000        17
 60.9500        13
 61.0000        14
 61.0500        10
 61.1000        12
 61.1500         7
 61.2000        14
 61.2500         9
 61.3000        18
 61.3500         9
 61.4000        11
 61.4500        10
 61.5000        14
 61.5500        13
 61.6000        10
 61.6500        11
 61.7000        14
 61.7500        13
 61.8000        12
 61.8500        10
 61.9000        11
 61.9500        14
 62.0000        15
 62.0500        11
 62.1000        14
 62.1500         8
 62.2000        10
 62.2500        11
 62.3000        13
 62.3500         9
 62.4000        12
 62.4500         8
 62.5000        13
 62.5500        12
 62.6000        16
 62.6500        13
 62.7000        11
 62.7500        14
 62.8000         8
 62.8500        15
 62.9000        13
 62.9500         8
 63.0000        17
 63.0500        11
 63.1000        12
 63.1500        14
 63.2000        10
 63.2500        15
 63.3000         7
 63.3500         8
 63.4000        10
 63.4500        20
 63.5000        15
 63.5500        14
 63.6000        14
 63.6500        22
 63.7000         9
 63.7500        13
 63.8000         9
 63.8500         9
 63.9000         9
 63.9500        17
 64.0000        14
 64.0500        15
 64.1000         9
 64.1500        12
 64.2000        11
 64.2500         8
 64.3000        16
 64.3500        15
 64.4000        12
 64.4500        10
 64.5000        12
 64.5500         7
 64.6000         7
 64.6500         9
 64.7000        15
 64.7500         9
 64.8000        12
 64.8500         7
 64.9000        15
 64.9500        10
 65.0000        10
 65.0500         9
 65.1000        13
 65.1500         7
 65.2000         8
 65.2500        11
 65.3000         9
 65.3500        16
 65.4000        10
 65.4500        12
 65.5000         9
 65.5500        17
 65.6000        11
 65.6500        10
 65.7000         8
 65.7500         9
 65.8000        11
 65.8500         9
 65.9000        10
 65.9500        15
 66.0000        16
 66.0500         4
 66.1000        13
 66.1500        10
 66.2000        18
 66.2500         4
 66.3000        10
 66.3500        18
 66.4000        13
 66.4500         8
 66.5000        16
 66.5500        13
 66.6000        16
 66.6500        12
 66.7000         9
 66.7500        11
 66.8000         8
 66.8500        10
 66.9000        11
 66.9500        13
 67.0000        14
 67.0500         9
 67.1000        13
 67.1500         8
 67.2000        16
 67.2500         3
 67.3000        15
 67.3500         8
 67.4000        13
 67.4500        16
 67.5000        15
 67.5500         7
 67.6000        10
 67.6500         5
 67.7000        15
 67.7500         7
 67.8000         7
 67.8500        12
 67.9000         3
 67.9500        14
 68.0000        12
 68.0500        10
 68.1000        11
 68.1500         9
 68.2000        11
 68.2500        10
 68.3000         9
 68.3500        10
 68.4000        12
 68.4500        13
 68.5000        10
 68.5500        12
 68.6000        10
 68.6500         7
 68.7000        18
 68.7500         9
 68.8000        11
 68.8500        12
 68.9000        10
 68.9500        13
 69.0000        10
 69.0500        13
 69.1000        10
 69.1500        13
 69.2000        11
 69.2500        14
 69.3000        13
 69.3500        17
 69.4000         6
 69.4500        12
 69.5000        13
 69.5500        13
 69.6000         5
 69.6500        14
 69.7000         9
 69.7500         9
 69.8000        10
 69.8500        14
 69.9000        18
 69.9500        13
 70.0000         5
 70.0500        14
 70.1000         9
 70.1500        14
 70.2000        10
 70.2500         9
 70.3000        12
 70.3500         9
 70.4000         9
 70.4500        15
 70.5000        10
 70.5500         7
 70.6000         9
 70.6500        11
 70.7000        10
 70.7500        11
 70.8000        12
 70.8500        10
 70.9000        12
 70.9500        10
 71.0000        11
 71.0500        13
 71.1000         8
 71.1500        11
 71.2000         9
 71.2500        16
 71.3000        13
 71.3500         9
 71.4000        11
 71.4500         8
 71.5000        14
 71.5500        14
 71.6000         8
 71.6500         8
 71.7000        10
 71.7500        13
 71.8000         9
 71.8500        12
 71.9000        11
 71.9500        12
 72.0000        15
 72.0500        15
 72.1000        13
 72.1500        11
 72.2000        10
 72.2500         9
 72.3000        10
 72.3500        17
 72.4000        11
 72.4500        13
 72.5000         8
 72.5500        15
 72.6000         4
 72.6500        16
 72.7000        12
 72.7500         8
 72.8000         9
 72.8500        11
 72.9000        15
 72.9500         6
 73.0000         6
 73.0500        11
 73.1000        10
 73.1500         8
 73.2000         9
 73.2500         8
 73.3000         8
 73.3500        14
 73.4000        10
 73.4500        15
 73.5000         8
 73.5500        13
 73.6000        15
 73.6500        13
 73.7000        10
 73.7500         6
 73.8000        11
 73.8500        14
 73.9000        16
 73.9500        10
 74.0000        11
 74.0500        11
 74.1000        11
 74.1500        15
 74.2000        10
 74.2500        13
 74.3000        17
 74.3500        15
 74.4000        21
 74.4500        13
 74.5000        18
 74.5500        22
 74.6000        18
 74.6500        22
 74.7000        29
 74.7500        24
 74.8000        46
 74.8500        44
 74.9000        59
 74.9500        88
 75.0000       121
 75.0500       180
 75.1000       219
 75.1500       282
 75.2000       350
 75.2500       408
 75.3000       328
 75.3500       282
 75.4000       225
 75.4500       213
 75.5000       180
 75.5500       144
 75.6000        94
 75.6500        50
 75.7000        38
 75.7500        25
 75.8000        26
 75.8500        16
 75.9000        18
 75.9500        12
 76.0000        11
 76.0500        11
 76.1000         9
 76.1500        15
 76.2000        16
 76.2500        15
 76.3000        11
 76.3500        14
 76.4000        17
 76.4500        11
 76.5000        17
 76.5500        11
 76.6000        11
 76.6500        20
 76.7000         9
 76.7500        14
 76.8000         7
 76.8500        19
 76.9000        12
 76.9500        10
 77.0000        14
 77.0500        11
 77.1000         7
 77.1500         9
 77.2000        13
 77.2500        12
 77.3000        14
 77.3500        12
 77.4000        17
 77.4500         6
 77.5000         6
 77.5500        11
 77.6000         7
 77.6500        14
 77.7000         9
 77.7500        10
 77.8000        11
 77.8500        11
 77.9000         7
 77.9500         9
 78.0000        10
 78.0500        12
 78.1000        15
 78.1500        13
 78.2000         7
 78.2500         6
 78.3000         8
 78.3500         9
 78.4000        21
 78.4500         9
 78.5000        12
 78.5500         9
 78.6000        13
 78.6500         7
 78.7000        12
 78.7500         9
 78.8000        12
 78.8500         9
 78.9000        10
 78.9500        14
 79.0000        16
 79.0500        11
 79.1000         8
 79.1500        12
 79.2000         6
 79.2500        15
 79.3000        12
 79.3500        12
 79.4000         7
 79.4500        14
 79.5000         5
 79.5500         9
 79.6000         8
 79.6500        10
 79.7000         4
 79.7500        11
 79.8000        16
 79.8500        14
 79.9000         9
 79.9500        10
 80.0000        15
 80.0500        11
 80.1000        10
 80.1500         5
 80.2000        11
 80.2500        10
 80.3000        11
 80.3500         8
 80.4000         3
 80.4500        10
 80.5000         7
 80.5500         9
 80.6000         6
 80.6500         7
 80.7000         8
 80.7500        11
 80.8000        13
 80.8500        10
 80.9000        10
 80.9500         9
 81.0000        11
 81.0500         9
 81.1000         9
 81.1500        12
 81.2000         9
 81.2500         6
 81.3000        10
 81.3500         2
 81.4000         3
 81.4500        12
 81.5000        11
 81.5500        12
 81.6000         9
 81.6500         3
 81.7000        14
 81.7500         9
 81.8000        12
 81.8500        11
 81.9000         9
 81.9500         7
 82.0000         9
 82.0500         7
 82.1000        13
 82.1500        11
 82.2000        11
 82.2500        11
 82.3000        11
 82.3500         5
 82.4000         9
 82.4500         8
 82.5000         7
 82.5500        13
 82.6000         8
 82.6500         3
 82.7000        14
 82.7500        10
 82.8000         6
 82.8500        11
 82.9000         4
 82.9500         7
 83.0000        14
 83.0500        10
 83.1000        15
 83.1500         6
 83.2000         9
 83.2500         8
 83.3000         9
 83.3500         7
 83.4000        10
 83.4500        11
 83.5000         4
 83.5500        10
 83.6000         6
 83.6500         7
 83.7000         8
 83.7500        19
 83.8000        15
 83.8500        13
 83.9000         9
 83.9500         9
 84.0000         7
 84.0500         9
 84.1000         7
 84.1500        16
 84.2000         8
 84.2500         6
 84.3000         9
 84.3500         5
 84.4000        11
 84.4500         8
 84.5000         5
 84.5500        11
 84.6000        12
 84.6500        10
 84.7000         8
 84.7500        10
 84.8000        13
 84.8500         9
 84.9000        11
 84.9500        17
 85.0000        11
 85.0500         9
 85.1000        10
 85.1500         9
 85.2000        10
 85.2500         8
 85.3000         7
 85.3500         9
 85.4000        10
 85.4500         9
 85.5000         7
 85.5500        16
 85.6000        13
 85.6500        12
 85.7000        14
 85.7500        14
 85.8000         9
 85.8500        13
 85.9000        11
 85.9500         7
 86.0000         8
 86.0500         8
 86.1000        13
 86.1500        11
 86.2000        10
 86.2500         8
 86.3000         4
 86.3500         9
 86.4000        12
 86.4500        10
 86.5000        15
 86.5500        15
 86.6000        11
 86.6500        10
 86.7000         8
 86.7500         4
 86.8000        16
 86.8500         8
 86.9000        11
 86.9500        13
 87.0000         4
 87.0500         6
 87.1000         9
 87.1500         9
 87.2000        13
 87.2500         8
 87.3000        10
 87.3500        12
 87.4000         7
 87.4500        12
 87.5000        12
 87.5500        17
 87.6000        11
 87.6500         8
 87.7000        15
 87.7500        18
 87.8000        11
 87.8500        11
 87.9000         6
 87.9500        16
 88.0000        11
 88.0500         6
 88.1000         9
 88.1500        10
 88.2000         8
 88.2500         8
 88.3000        10
 88.3500        10
 88.4000         9
 88.4500         9
 88.5000         8
 88.5500         7
 88.6000         9
 88.6500         5
 88.7000         7
 88.7500         8
 88.8000        10
 88.8500         4
 88.9000         7
 88.9500         8
 89.0000         4
 89.0500         9
 89.1000         5
 89.1500        12
 89.2000        16
 89.2500        10
 89.3000        10
 89.3500         7
 89.4000         9
 89.4500         5
 89.5000        11
 89.5500        13
 89.6000         7
 89.6500        12
 89.7000         7
 89.7500        12
 89.8000         7
 89.8500        10
 89.9000         8
 89.9500        12
 90.0000        11
 90.0500         6
 90.1000         8
 90.1500         7
 90.2000        10
 90.2500         7
 90.3000         9
 90.3500         9
 90.4000        11
 90.4500         5
 90.5000        15
 90.5500        13
 90.6000        14
 90.6500        15
 90.7000        18
 90.7500        19
 90.8000        22
 90.8500        15
 90.9000        13
 90.9500        34
 91.0000        35
 91.0500        42
 91.1000        53
 91.1500        62
 91.2000        88
 91.2500       121
 91.3000       146
 91.3500       193
 91.4000       216
 91.4500       174
 91.5000       149
 91.5500       114
 91.6000        96
 91.6500       106
 91.7000        83
 91.7500        86
 91.8000        50
 91.8500        37
 91.9000        22
 91.9500        20
 92.0000        17
 92.0500        11
 92.1000        12
 92.1500        15
 92.2000        12
 92.2500        14
 92.3000         9
 92.3500        13
 92.4000         9
 92.4500         7
 92.5000        13
 92.5500         9
 92.6000         9
 92.6500        11
 92.7000         6
 92.7500         4
 92.8000        10
 92.8500         9
 92.9000         9
 92.9500         5
 93.0000        10
 93.0500         8
 93.1000         5
 93.1500        13
 93.2000        12
 93.2500         8
 93.3000        10
 93.3500         8
 93.4000        11
 93.4500         9
 93.5000        12
 93.5500         7
 93.6000         3
 93.6500        13
 93.7000        14
 93.7500         6
 93.8000         4
 93.8500        12
 93.9000         6
 93.9500         8
 94.0000         8
 94.0500         4
 94.1000        11
 94.1500         5
 94.2000         5
 94.2500        10
 94.3000        12
 94.3500         6
 94.4000         8
 94.4500         5
 94.5000         6
 94.5500         9
 94.6000         9
 94.6500         5
 94.7000        10
 94.7500         6
 94.8000         6
 94.8500         7
 94.9000        11
 94.9500         9
 95.0000         9
 95.0500         8
 95.1000        14
 95.1500        11
 95.2000         7
 95.2500         5
 95.3000         9
 95.3500         3
 95.4000        10
 95.4500        10
 95.5000         7
 95.5500         5
 95.6000         6
 95.6500        11
 95.7000         8
 95.7500        12
 95.8000        12
 95.8500        18
 95.9000         5
 95.9500         7
 96.0000        13
 96.0500        13
 96.1000        12
 96.1500        10
 96.2000        12
 96.2500         5
 96.3000         8
 96.3500        11
 96.4000        13
 96.4500         9
 96.5000         4
 96.5500         9
 96.6000         6
 96.6500         6
 96.7000        10
 96.7500         8
 96.8000         6
 96.8500         6
 96.9000         6
 96.9500         8
 97.0000        10
 97.0500        12
 97.1000        11
 97.1500         7
 97.2000         7
 97.2500        10
 97.3000         7
 97.3500         9
 97.4000        11
 97.4500        12
 97.5000         2
 97.5500         7
 97.6000         9
 97.6500         7
 97.7000         5
 97.7500         9
 97.8000         7
 97.8500         6
 97.9000         6
 97.9500        11
 98.0000         6
 98.0500         8
 98.1000         9
 98.1500        13
 98.2000         7
 98.2500         9
 98.3000        14
 98.3500         7
 98.4000        15
 98.4500         4
 98.5000         8
 98.5500        10
 98.6000         7
 98.6500        14
 98.7000         8
 98.7500         8
 98.8000         9
 98.8500         8
 98.9000        12
 98.9500         8
 99.0000        11
 99.0500         5
 99.1000         7
 99.1500         7
 99.2000         9
 99.2500         3
 99.3000        13
 99.3500         8
 99.4000         7
 99.4500         9
 99.5000        14
 99.5500         8
 99.6000         5
 99.6500         8
 99.7000         5
 99.7500         6
 99.8000         8
 99.8500        13
 99.9000         8
 99.9500         8
100.0000         7
100.0500        11
100.1000         9
100.1500         6
100.2000         7
100.2500         4
100.3000         7
100.3500        12
100.4000         8
100.4500         5
100.5000         9
100.5500         7
100.6000         5
100.6500        10
100.7000         9
100.7500        13
100.8000         7
100.8500         5
100.9000        10
100.9500        12
101.0000        10
101.0500         9
101.1000         6
101.1500         8
101.2000         6
101.2500        12
101.3000         9
101.3500         8
101.4000        15
101.4500         4
101.5000         9
101.5500         8
101.6000         5
101.6500         3
101.7000        13
101.7500         9
101.8000         6
101.8500         7
101.9000         5
101.9500         9
102.0000        10
102.0500         9
102.1000         9
102.1500         9
102.2000         6
102.2500        10
102.3000         8
102.3500        12
102.4000         8
102.4500         9
102.5000        11
102.5500         7
102.6000         4
102.6500         8
102.7000         8
102.7500         6
102.8000        12
102.8500         4
102.9000         4
102.9500         7
103.0000        11
103.0500        12
103.1000         8
103.1500         6
103.2000         8
103.2500        14
103.3000        11
103.3500         5
103.4000        13
103.4500         9
103.5000        11
103.5500         7
103.6000        11
103.6500        10
103.7000        10
103.7500         6
103.8000        10
103.8500        12
103.9000         6
103.9500        12
104.0000         4
104.0500         7
104.1000         5
104.1500         8
104.2000        10
104.2500         4
104.3000         8
104.3500        12
104.4000        12
104.4500         5
104.5000         6
104.5500         8
104.6000        12
104.6500         6
104.7000         8
104.7500         5
104.8000        12
104.8500         8
104.9000        11
104.9500         5
105.0000         6
105.0500         4
105.1000         3
105.1500        10
105.2000         5
105.2500         6
105.3000         2
105.3500        10
105.4000         6
105.4500         5
105.5000         8
105.5500         6
105.6000         8
105.6500         5
105.7000         9
105.7500         5
105.8000         9
105.8500         9
105.9000         8
105.9500         2
106.0000        11
106.0500        10
106.1000        10
106.1500         7
106.2000         7
106.2500         8
106.3000         8
106.3500        10
106.4000         3
106.4500        11
106.5000        11
106.5500         3
106.6000         7
106.6500         7
106.7000         5
106.7500        12
106.8000         6
106.8500         9
106.9000         5
106.9500        12
107.0000        18
107.0500        11
107.1000         7
107.1500         6
107.2000         5
107.2500         4
107.3000         8
107.3500        10
107.4000        13
107.4500         7
107.5000         9
107.5500         7
107.6000         8
107.6500         9
107.7000         9
107.7500         5
107.8000         7
107.8500         5
107.9000         7
107.9500        10
108.0000         7
108.0500        10
108.1000        12
108.1500         6
108.2000         5
108.2500        10
108.3000         5
108.3500         3
108.4000        13
108.4500         8
108.5000         9
108.5500        10
108.6000         8
108.6500         6
108.7000        10
108.7500        10
108.8000        11
108.8500         4
108.9000         2
108.9500         8
109.0000         7
109.0500         5
109.1000         7
109.1500         8
109.2000         6
109.2500         4
109.3000         9
109.3500        13
109.4000         2
109.4500         9
109.5000         9
109.5500        10
109.6000         4
109.6500         7
109.7000         4
109.7500         6
109.8000         9
109.8500         7
109.9000        10
109.9500         9
110.0000         9
110.0500         9
110.1000         7
110.1500         8
110.2000         3
110.2500         6
110.3000        10
110.3500         9
110.4000         9
110.4500        10
110.5000         8
110.5500         7
110.6000         3
110.6500         9
110.7000         5
110.7500         5
110.8000         7
110.8500        12
110.9000         9
110.9500         9
111.0000         3
111.0500        10
111.1000         5
111.1500         2
111.2000        13
111.2500         5
111.3000         6
111.3500         9
111.4000         2
111.4500         8
111.5000         6
111.5500        10
111.6000         9
111.6500        11
111.7000         8
111.7500         8
111.8000         5
111.8500        12
111.9000         4
111.9500         7
112.0000        11
112.0500         6
112.1000        10
112.1500         5
112.2000         4
112.2500         6
112.3000         4
112.3500         7
112.4000         1
112.4500         8
112.5000         6
112.5500        10
112.6000        10
112.6500         4
112.7000         5
112.7500         8
112.8000         9
112.8500         4
112.9000         8
112.9500         9
113.0000         5
113.0500         8
113.1000         9
113.1500         6
113.2000         3
113.2500         6
113.3000         8
113.3500        10
113.4000         5
113.4500         4
113.5000         6
113.5500         5
113.6000        11
113.6500         9
113.7000        10
113.7500         7
113.8000         6
113.8500         9
113.9000         4
113.9500         5
114.0000         6
114.0500         8
114.1000         8
114.1500         5
114.2000        10
114.2500         5
114.3000        11
114.3500         5
114.4000         8
114.4500         7
114.5000         6
114.5500        10
114.6000         5
114.6500         6
114.7000         8
114.7500        11
114.8000         8
114.8500        10
114.9000         7
114.9500         8
115.0000         8
115.0500         5
115.1000         5
115.1500        18
115.2000         6
115.2500         6
115.3000         8
115.3500         7
115.4000         6
115.4500         6
115.5000         5
115.5500        11
115.6000         9
115.6500        11
115.7000         6
115.7500        10
115.8000         3
115.8500         9
115.9000        11
115.9500        13
116.0000         9
116.0500         8
116.1000         7
116.1500         6
116.2000         9
116.2500        12
116.3000         4
116.3500        14
116.4000        14
116.4500         8
116.5000         8
116.5500        11
116.6000         6
116.6500         8
116.7000         9
116.7500         6
116.8000         6
116.8500         5
116.9000        12
116.9500         8
117.0000         8
117.0500         4
117.1000         7
117.1500         7
117.2000        10
117.2500         9
117.3000         6
117.3500         8
117.4000         9
117.4500        20
117.5000         9
117.5500         8
117.6000         3
117.6500         6
117.7000         5
117.7500         9
117.8000        10
117.8500        11
117.9000         9
117.9500        11
118.0000        10
118.0500         9
118.1000         4
118.1500        10
118.2000         8
118.2500         6
118.3000        10
118.3500        10
118.4000        11
118.4500         8
118.5000         8
118.5500        12
118.6000        11
118.6500        10
118.7000         9
118.7500        11
118.8000         6
118.8500        14
118.9000        16
118.9500        17
119.0000        11
119.0500        20
119.1000        25
119.1500        41
119.2000        38
119.2500        53
119.3000        48
119.3500        71
119.4000        76
119.4500        77
119.5000        72
119.5500        44
119.6000        37
119.6500        38
119.7000        48
119.7500        41
119.8000        49
119.8500        45
119.9000        42
119.9500        35
120.0000        34
120.0500        23
120.1000        15
120.1500         9
120.2000         8
120.2500         7
120.3000        11
120.3500        15
120.4000         7
120.4500        15
120.5000         8
120.5500        12
120.6000         6
120.6500         7
120.7000         5
120.7500        11
120.8000        11
120.8500         6
120.9000         5
120.9500        18
121.0000        10
121.0500        11
121.1000        13
121.1500        10
121.2000         6
121.2500         8
121.3000         4
121.3500         9
121.4000        12
121.4500         8
121.5000        10
121.5500         6
121.6000        11
121.6500         3
121.7000        10
121.7500        12
121.8000         6
121.8500         9
121.9000         7
121.9500         9
122.0000         6
122.0500         9
122.1000        12
122.1500         9
122.2000        18
122.2500        10
122.3000         5
122.3500        11
122.4000         7
122.4500        11
122.5000        12
122.5500         4
122.6000         6
122.6500         7
122.7000         9
122.7500         6
122.8000         6
122.8500         7
122.9000        10
122.9500         6
123.0000         7
123.0500         6
123.1000        10
123.1500         6
123.2000         5
123.2500        12
123.3000         7
123.3500         6
123.4000        12
123.4500         8
123.5000        12
123.5500         6
123.6000         4
123.6500         5
123.7000         8
123.7500         9
123.8000         7
123.8500         5
123.9000        13
123.9500         8
124.0000        11
124.0500         9
124.1000         7
124.1500        11
124.2000         5
124.2500         5
124.3000         8
124.3500         8
124.4000         6
124.4500         7
124.5000         8
124.5500        10
124.6000         8
124.6500        13
124.7000         9
124.7500         7
124.8000         9
124.8500        10
124.9000         2
124.9500        12
125.0000         7
125.0500        12
125.1000        12
125.1500         8
125.2000        13
125.2500        10
125.3000        13
125.3500        10
125.4000         8
125.4500         2
125.5000        10
125.5500        10
125.6000        11
125.6500         4
125.7000         7
125.7500         8
125.8000        10
125.8500         9
125.9000        11
125.9500        10
126.0000        10
126.0500        14
126.1000         8
126.1500        10
126.2000         6
126.2500         4
126.3000         8
126.3500         5
126.4000        16
126.4500        11
126.5000        14
126.5500         9
126.6000         8
126.6500         6
126.7000         5
126.7500         5
126.8000         7
126.8500        13
126.9000        10
126.9500        12
127.0000         9
127.0500         5
127.1000        12
127.1500        11
127.2000         6
127.2500         7
127.3000        10
127.3500        11
127.4000         5
127.4500        11
127.5000         8
127.5500         8
127.6000        13
127.6500         4
127.7000         7
127.7500         4
127.8000        11
127.8500         7
127.9000        11
127.9500        16
128.0000         8
128.0500         6
128.1000        13
128.1500         6
128.2000        10
128.2500         8
128.3000         6
128.3500        10
128.4000        12
128.4500        11
128.5000         9
128.5500        11
128.6000        12
128.6500        11
128.7000         8
128.7500         3
128.8000         4
128.8500        11
128.9000        10
128.9500         6
129.0000         7
129.0500         7
129.1000         7
129.1500        10
129.2000         8
129.2500         6
129.3000         8
129.3500         4
129.4000        11
129.4500        10
129.5000        12
129.5500         7
129.6000        10
129.6500         4
129.7000        10
129.7500         3
129.8000        13
129.8500        10
129.9000        13
129.9500         7
130.0000         5
130.0500        13
130.1000        11
130.1500         7
130.2000        11
130.2500         5
130.3000        12
130.3500        12
130.4000        12
130.4500         6
130.5000         7
130.5500        10
130.6000         5
130.6500        14
130.7000         8
130.7500         5
130.8000         9
130.8500         8
130.9000        10
130.9500         9
131.0000         7
131.0500        14
131.1000         6
131.1500         8
131.2000        13
131.2500         6
131.3000         8
131.3500         3
131.4000         3
131.4500         4
131.5000         9
131.5500         9
131.6000         5
131.6500         9
131.7000         6
131.7500         8
131.8000         7
131.8500         7
131.9000        13
131.9500        11
132.0000         9
132.0500        11
132.1000         8
132.1500         5
132.2000        10
132.2500        10
132.3000         8
132.3500         7
132.4000         6
132.4500         8
132.5000        21
132.5500        10
132.6000         6
132.6500        12
132.7000         8
132.7500         4
132.8000        13
132.8500         8
132.9000        10
132.9500         5
133.0000         8
133.0500        12
133.1000        13
133.1500         7
133.2000         6
133.2500         7
133.3000         5
133.3500         9
133.4000         9
133.4500         6
133.5000         7
133.5500        12
133.6000         5
133.6500         3
133.7000         3
133.7500        10
133.8000        12
133.8500        11
133.9000         6
133.9500        11
134.0000        11
134.0500         9
134.1000         9
134.1500        12
134.2000         5
134.2500         5
134.3000         9
134.3500        10
134.4000         8
134.4500        10
134.5000        13
134.5500        12
134.6000         9
134.6500        11
134.7000         9
134.7500         8
134.8000         6
134.8500        10
134.9000         6
134.9500        10
135.0000         6
135.0500         4
135.1000         7
135.1500         4
135.2000         9
135.2500         7
135.3000         8
135.3500        13
135.4000        14
135.4500         7
135.5000         7
135.5500         5
135.6000         8
135.6500        11
135.7000         7
135.7500         8
135.8000         9
135.8500         6
135.9000         8
135.9500         6
136.0000         6
136.0500         6
136.1000        12
136.1500        10
136.2000         9
136.2500        11
136.3000         5
136.3500         7
136.4000        10
136.4500         8
136.5000         8
136.5500        13
136.6000        12
136.6500        11
136.7000         8
136.7500        11
136.8000        11
136.8500         9
136.9000        11
136.9500        12
137.0000         8
137.0500        10
137.1000         9
137.1500         4
137.2000         9
137.2500         8
137.3000        12
137.3500         4
137.4000        14
137.4500         8
137.5000         8
137.5500        13
137.6000         7
137.6500        12
137.7000         2
137.7500         5
137.8000        12
137.8500         8
137.9000        13
137.9500         7
138.0000        12
138.0500        11
138.1000         8
138.1500         9
138.2000        16
138.2500         7
138.3000         9
138.3500        10
138.4000         4
138.4500        11
138.5000         8
138.5500        13
138.6000         6
138.6500        16
138.7000        10
138.7500         9
138.8000        15
138.8500        11
138.9000         9
138.9500         9
139.0000        11
139.0500        10
139.1000         9
139.1500        18
139.2000        19
139.2500        12
139.3000        15
139.3500        11
139.4000        12
139.4500        13
139.5000        13
139.5500        20
139.6000        15
139.6500        17
139.7000        19
139.7500        23
139.8000        16
139.8500        18
139.9000        19
139.9500        27
140.0000        42
140.0500        44
140.1000        56
140.1500        48
140.2000        79
140.2500        88
140.3000        92
140.3500       135
140.4000       156
140.4500       151
140.5000       169
140.5500       159
140.6000       130
140.6500       104
140.7000        81
140.7500        64
140.8000        61
140.8500        37
140.9000        58
140.9500        67
141.0000        67
141.0500        67
141.1000        67
141.1500        72
141.2000        94
141.2500        85
141.3000        92
141.3500        79
141.4000        66
141.4500        66
141.5000        56
141.5500        44
141.6000        46
141.6500        38
141.7000        30
141.7500        30
141.8000        25
141.8500        15
141.9000        24
141.9500        18
142.0000        10
142.0500        23
142.1000        12
142.1500        12
142.2000        13
142.2500        12
142.3000        13
142.3500        14
142.4000        14
142.4500        16
142.5000         7
142.5500        13
142.6000        17
142.6500        16
142.7000        16
142.7500        10
142.8000        11
142.8500         9
142.9000        13
142.9500        13
143.0000         6
143.0500        15
143.1000        18
143.1500        11
143.2000         6
143.2500         7
143.3000        11
143.3500         9
143.4000        12
143.4500         9
143.5000         7
143.5500        11
143.6000        10
143.6500        10
143.7000        10
143.7500        10
143.8000        14
143.8500         5
143.9000        13
143.9500        13
144.0000         9
