 35.0000      4343
 35.0200      4382
 35.0400      4277
 35.0600      4369
 35.0800      4343
 35.1000      4316
 35.1200      4583
 35.1400      4396
 35.1600      4462
 35.1800      4369
 35.2000      4330
 35.2200      4369
 35.2400      4343
 35.2600      4303
 35.2800      4369
 35.3000      4356
 35.3200      4462
 35.3400      4356
 35.3600      4462
 35.3800      4449
 35.4000      4343
 35.4200      4409
 35.4400      4543
 35.4600      4382
 35.4800      4409
 35.5000      4422
 35.5200      4422
 35.5400      4489
 35.5600      4516
 35.5800      4422
 35.6000      4489
 35.6200      4529
 35.6400      4489
 35.6600      4343
 35.6800      4502
 35.7000      4516
 35.7200      4396
 35.7400      4382
 35.7600      4516
 35.7800      4489
 35.8000      4462
 35.8200      4516
 35.8400      4556
 35.8600      4502
 35.8800      4543
 35.9000      4516
 35.9200      4449
 35.9400      4556
 35.9600      4516
 35.9800      4422
 36.0000      4489
 36.0200      4369
 36.0400      4624
 36.0600      4436
 36.0800      4422
 36.1000      4369
 36.1200      4489
 36.1400      4610
 36.1600      4502
 36.1800      4382
 36.2000      4422
 36.2200      4516
 36.2400      4529
 36.2600      4422
 36.2800      4502
 36.3000      4436
 36.3200      4597
 36.3400      4610
 36.3600      4516
 36.3800      4516
 36.4000      4529
 36.4200      4476
 36.4400      4570
 36.4600      4502
 36.4800      4396
 36.5000      4556
 36.5200      4570
 36.5400      4529
 36.5600      4476
 36.5800      4516
 36.6000      4597
 36.6200      4570
 36.6400      4516
 36.6600      4462
 36.6800      4343
 36.7000      4476
 36.7200      4529
 36.7400      4462
 36.7600      4502
 36.7800      4449
 36.8000      4543
 36.8200      4462
 36.8400      4570
 36.8600      4476
 36.8800      4597
 36.9000      4583
 36.9200      4556
 36.9400      4556
 36.9600      4624
 36.9800      4516
 37.0000      4529
 37.0200      4583
 37.0400      4476
 37.0600      4556
 37.0800      4529
 37.1000      4502
 37.1200      4516
 37.1400      4529
 37.1600      4556
 37.1800      4610
 37.2000      4570
 37.2200      4529
 37.2400      4449
 37.2600      4651
 37.2800      4476
 37.3000      4597
 37.3200      4610
 37.3400      4543
 37.3600      4583
 37.3800      4556
 37.4000      4583
 37.4200      4489
 37.4400      4556
 37.4600      4489
 37.4800      4556
 37.5000      4529
 37.5200      4665
 37.5400      4624
 37.5600      4570
 37.5800      4502
 37.6000      4610
 37.6200      4583
 37.6400      4638
 37.6600      4570
 37.6800      4502
 37.7000      4638
 37.7200      4570
 37.7400      4692
 37.7600      4638
 37.7800      4720
 37.8000      4583
 37.8200      4556
 37.8400      4489
 37.8600      4543
 37.8800      4720
 37.9000      4597
 37.9200      4570
 37.9400      4665
 37.9600      4597
 37.9800      4583
 38.0000      4583
 38.0200      4692
 38.0400      4665
 38.0600      4733
 38.0800      4706
 38.1000      4651
 38.1200      4610
 38.1400      4651
 38.1600      4597
 38.1800      4610
 38.2000      4692
 38.2200      4733
 38.2400      4597
 38.2600      4651
 38.2800      4570
 38.3000      4679
 38.3200      4597
 38.3400      4543
 38.3600      4761
 38.3800      4679
 38.4000      4556
 38.4200      4610
 38.4400      4679
 38.4600      4679
 38.4800      4720
 38.5000      4692
 38.5200      4624
 38.5400      4610
 38.5600      4761
 38.5800      4665
 38.6000      4556
 38.6200      4844
 38.6400      4583
 38.6600      4733
 38.6800      4638
 38.7000      4692
 38.7200      4651
 38.7400      4830
 38.7600      4747
 38.7800      4720
 38.8000      4651
 38.8200      4761
 38.8400      4692
 38.8600      4638
 38.8800      4733
 38.9000      4679
 38.9200      4665
 38.9400      4692
 38.9600      4583
 38.9800      4720
 39.0000      4733
 39.0200      4720
 39.0400      4747
 39.0600      4844
 39.0800      4610
 39.1000      4679
 39.1200      4706
 39.1400      4775
 39.1600      4775
 39.1800      4720
 39.2000      4692
 39.2200      4679
 39.2400      4761
 39.2600      4747
 39.2800      4665
 39.3000      4665
 39.3200      4706
 39.3400      4624
 39.3600      4720
 39.3800      4679
 39.4000      4679
 39.4200      4802
 39.4400      4802
 39.4600      4651
 39.4800      4679
 39.5000      4789
 39.5200      4692
 39.5400      4733
 39.5600      4651
 39.5800      4679
 39.6000      4720
 39.6200      4802
 39.6400      4706
 39.6600      4720
 39.6800      4747
 39.7000      4679
 39.7200      4747
 39.7400      4720
 39.7600      4747
 39.7800      4679
 39.8000      4624
 39.8200      4761
 39.8400      4692
 39.8600      4651
 39.8800      4816
 39.9000      4747
 39.9200      4789
 39.9400      4733
 39.9600      4720
 39.9800      4775
 40.0000      4651
 40.0200      4610
 40.0400      4872
 40.0600      4775
 40.0800      4679
 40.1000      4816
 40.1200      4610
 40.1400      4733
 40.1600      4775
 40.1800      4802
 40.2000      4692
 40.2200      4665
 40.2400      4886
 40.2600      4556
 40.2800      4706
 40.3000      4692
 40.3200      4900
 40.3400      4775
 40.3600      4747
 40.3800      4692
 40.4000      4802
 40.4200      4733
 40.4400      4720
 40.4600      4830
 40.4800      4789
 40.5000      4775
 40.5200      4761
 40.5400      4638
 40.5600      4761
 40.5800      4761
 40.6000      4733
 40.6200      4747
 40.6400      4692
 40.6600      4802
 40.6800      4706
 40.7000      4651
 40.7200      4651
 40.7400      4747
 40.7600      4761
 40.7800      4914
 40.8000      4775
 40.8200      4858
 40.8400      4679
 40.8600      4733
 40.8800      4747
 40.9000      4789
 40.9200      4679
 40.9400      4638
 40.9600      4816
 40.9800      4720
 41.0000      4761
 41.0200      4816
 41.0400      4775
 41.0600      4802
 41.0800      4775
 41.1000      4816
 41.1200      4816
 41.1400      4789
 41.1600      4665
 41.1800      4665
 41.2000      4928
 41.2200      4706
 41.2400      4747
 41.2600      4844
 41.2800      4802
 41.3000      4692
 41.3200      4900
 41.3400      4789
 41.3600      4802
 41.3800      4816
 41.4000      4816
 41.4200      4720
 41.4400      4789
 41.4600      4830
 41.4800      4761
 41.5000      4789
 41.5200      4830
 41.5400      4942
 41.5600      4928
 41.5800      4830
 41.6000      4789
 41.6200      4942
 41.6400      4900
 41.6600      4706
 41.6800      4733
 41.7000      4900
 41.7200      4858
 41.7400      4900
 41.7600      4872
 41.7800      4872
 41.8000      4802
 41.8200      5069
 41.8400      4720
 41.8600      4872
 41.8800      4775
 41.9000      4872
 41.9200      4830
 41.9400      4802
 41.9600      4789
 41.9800      4775
 42.0000      4775
 42.0200      4900
 42.0400      4928
 42.0600      4914
 42.0800      4844
 42.1000      4928
 42.1200      4844
 42.1400      4844
 42.1600      4914
 42.1800      4956
 42.2000      4900
 42.2200      4998
 42.2400      4816
 42.2600      4970
 42.2800      4956
 42.3000      4872
 42.3200      5041
 42.3400      4844
 42.3600      4928
 42.3800      4928
 42.4000      4942
 42.4200      4914
 42.4400      4956
 42.4600      4984
 42.4800      5041
 42.5000      4998
 42.5200      4928
 42.5400      4844
 42.5600      4956
 42.5800      4872
 42.6000      5055
 42.6200      4928
 42.6400      4928
 42.6600      5041
 42.6800      4970
 42.7000      5127
 42.7200      5141
 42.7400      5155
 42.7600      5027
 42.7800      5141
 42.8000      5170
 42.8200      5256
 42.8400      5227
 42.8600      5373
 42.8800      5155
 42.9000      5242
 42.9200      5084
 42.9400      5155
 42.9600      5213
 42.9800      5329
 43.0000      5242
 43.0200      5446
 43.0400      5417
 43.0600      5446
 43.0800      5640
 43.1000      5358
 43.1200      5595
 43.1400      5730
 43.1600      5761
 43.1800      5975
 43.2000      6068
 43.2200      6400
 43.2400      6724
 43.2600      7157
 43.2800      7656
 43.3000      8409
 43.3200      9293
 43.3400     10100
 43.3600     11215
 43.3800     12589
 43.4000     13853
 43.4200     15426
 43.4400     17161
 43.4600     18442
 43.4800     19293
 43.5000     20678
 43.5200     21112
 43.5400     21258
 43.5600     20851
 43.5800     20107
 43.6000     19155
 43.6200     17902
 43.6400     16512
 43.6600     14787
 43.6800     13479
 43.7000     12122
 43.7200     10941
 43.7400      9604
 43.7600      8836
 43.7800      8100
 43.8000      7413
 43.8200      6872
 43.8400      6384
 43.8600      6384
 43.8800      5975
 43.9000      5898
 43.9200      5640
 43.9400      5730
 43.9600      5461
 43.9800      5461
 44.0000      5402
 44.0200      5329
 44.0400      5227
 44.0600      5213
 44.0800      5184
 44.1000      4998
 44.1200      5141
 44.1400      5127
 44.1600      5127
 44.1800      5155
 44.2000      5242
 44.2200      5084
 44.2400      5055
 44.2600      5069
 44.2800      5170
 44.3000      5198
 44.3200      4970
 44.3400      5098
 44.3600      5027
 44.3800      5013
 44.4000      4942
 44.4200      5013
 44.4400      4956
 44.4600      4984
 44.4800      4928
 44.5000      5084
 44.5200      4942
 44.5400      5041
 44.5600      4900
 44.5800      4984
 44.6000      4970
 44.6200      4998
 44.6400      4956
 44.6600      5041
 44.6800      4872
 44.7000      5098
 44.7200      4900
 44.7400      4886
 44.7600      4914
 44.7800      4844
 44.8000      4886
 44.8200      4956
 44.8400      4942
 44.8600      5013
 44.8800      4984
 44.9000      4956
 44.9200      4872
 44.9400      4914
 44.9600      4816
 44.9800      4998
 45.0000      4984
 45.0200      5027
 45.0400      4956
 45.0600      4872
 45.0800      4984
 45.1000      4914
 45.1200      5013
 45.1400      4761
 45.1600      4886
 45.1800      4956
 45.2000      4942
 45.2200      5069
 45.2400      4942
 45.2600      4928
 45.2800      4956
 45.3000      4872
 45.3200      4914
 45.3400      4956
 45.3600      5013
 45.3800      4970
 45.4000      4970
 45.4200      4942
 45.4400      4970
 45.4600      4928
 45.4800      4998
 45.5000      4872
 45.5200      4928
 45.5400      4970
 45.5600      4970
 45.5800      4970
 45.6000      4886
 45.6200      5013
 45.6400      4914
 45.6600      5098
 45.6800      4998
 45.7000      4970
 45.7200      4830
 45.7400      4844
 45.7600      5084
 45.7800      4956
 45.8000      4914
 45.8200      4928
 45.8400      4956
 45.8600      4970
 45.8800      4914
 45.9000      5055
 45.9200      4998
 45.9400      4900
 45.9600      5055
 45.9800      4858
 46.0000      5041
 46.0200      4802
 46.0400      4830
 46.0600      4830
 46.0800      4886
 46.1000      4900
 46.1200      4844
 46.1400      4844
 46.1600      4956
 46.1800      4942
 46.2000      4914
 46.2200      4956
 46.2400      4956
 46.2600      5041
 46.2800      4789
 46.3000      4914
 46.3200      5013
 46.3400      4984
 46.3600      4900
 46.3800      4886
 46.4000      4928
 46.4200      4830
 46.4400      4844
 46.4600      4802
 46.4800      4844
 46.5000      4942
 46.5200      5013
 46.5400      4844
 46.5600      4900
 46.5800      5084
 46.6000      4984
 46.6200      4900
 46.6400      4942
 46.6600      5013
 46.6800      4984
 46.7000      4928
 46.7200      4942
 46.7400      4900
 46.7600      5013
 46.7800      4830
 46.8000      4914
 46.8200      4998
 46.8400      5041
 46.8600      4942
 46.8800      4942
 46.9000      4956
 46.9200      4956
 46.9400      4998
 46.9600      4886
 46.9800      5027
 47.0000      4900
 47.0200      4928
 47.0400      4900
 47.0600      4872
 47.0800      4858
 47.1000      4998
 47.1200      4914
 47.1400      4984
 47.1600      4886
 47.1800      5069
 47.2000      4914
 47.2200      4942
 47.2400      4858
 47.2600      4970
 47.2800      4816
 47.3000      4984
 47.3200      4942
 47.3400      4858
 47.3600      4956
 47.3800      4900
 47.4000      5027
 47.4200      4998
 47.4400      4956
 47.4600      4816
 47.4800      4956
 47.5000      4970
 47.5200      5027
 47.5400      5055
 47.5600      4942
 47.5800      4886
 47.6000      4802
 47.6200      4942
 47.6400      4956
 47.6600      5041
 47.6800      4942
 47.7000      4984
 47.7200      4942
 47.7400      5027
 47.7600      4900
 47.7800      5013
 47.8000      4914
 47.8200      5013
 47.8400      4816
 47.8600      4956
 47.8800      5013
 47.9000      4928
 47.9200      4886
 47.9400      4970
 47.9600      4858
 47.9800      4998
 48.0000      4970
 48.0200      4928
 48.0400      5055
 48.0600      4914
 48.0800      4984
 48.1000      4942
 48.1200      4928
 48.1400      5055
 48.1600      4900
 48.1800      4942
 48.2000      4928
 48.2200      4956
 48.2400      4998
 48.2600      4942
 48.2800      4900
 48.3000      4872
 48.3200      4970
 48.3400      4914
 48.3600      4970
 48.3800      4844
 48.4000      5013
 48.4200      4886
 48.4400      4928
 48.4600      4914
 48.4800      4886
 48.5000      5041
 48.5200      4970
 48.5400      4998
 48.5600      5069
 48.5800      4970
 48.6000      4970
 48.6200      4858
 48.6400      5084
 48.6600      4914
 48.6800      4928
 48.7000      4970
 48.7200      5098
 48.7400      4998
 48.7600      4914
 48.7800      5027
 48.8000      4900
 48.8200      4942
 48.8400      4942
 48.8600      5013
 48.8800      4942
 48.9000      4998
 48.9200      5055
 48.9400      5055
 48.9600      5013
 48.9800      4830
 49.0000      4998
 49.0200      4886
 49.0400      4928
 49.0600      5013
 49.0800      4942
 49.1000      5055
 49.1200      5041
 49.1400      5055
 49.1600      5013
 49.1800      5027
 49.2000      5069
 49.2200      4984
 49.2400      5041
 49.2600      5055
 49.2800      4970
 49.3000      5170
 49.3200      4970
 49.3400      4998
 49.3600      4998
 49.3800      5027
 49.4000      5041
 49.4200      5155
 49.4400      4956
 49.4600      5084
 49.4800      5041
 49.5000      5184
 49.5200      5084
 49.5400      5055
 49.5600      5127
 49.5800      5055
 49.6000      5055
 49.6200      5084
 49.6400      5213
 49.6600      5084
 49.6800      5098
 49.7000      5084
 49.7200      5084
 49.7400      5170
 49.7600      5227
 49.7800      5256
 49.8000      5256
 49.8200      5285
 49.8400      5285
 49.8600      5314
 49.8800      5344
 49.9000      5373
 49.9200      5432
 49.9400      5432
 49.9600      5506
 49.9800      5491
 50.0000      5580
 50.0200      5595
 50.0400      5625
 50.0600      5730
 50.0800      5791
 50.1000      5883
 50.1200      6006
 50.1400      6053
 50.1600      6241
 50.1800      6512
 50.2000      6480
 50.2200      6740
 50.2400      7022
 50.2600      7362
 50.2800      7586
 50.3000      8028
 50.3200      8336
 50.3400      9025
 50.3600      9565
 50.3800     10120
 50.4000     10920
 50.4200     11859
 50.4400     12882
 50.4600     13619
 50.4800     14617
 50.5000     15700
 50.5200     16461
 50.5400     17556
 50.5600     18279
 50.5800     18523
 50.6000     18824
 50.6200     18906
 50.6400     19016
 50.6600     18961
 50.6800     18550
 50.7000     17796
 50.7200     17213
 50.7400     16129
 50.7600     15228
 50.7800     14185
 50.8000     13087
 50.8200     12122
 50.8400     11385
 50.8600     10506
 50.8800      9663
 50.9000      8949
 50.9200      8446
 50.9400      7832
 50.9600      7517
 50.9800      7208
 51.0000      6839
 51.0200      6577
 51.0400      6448
 51.0600      6194
 51.0800      5991
 51.1000      5806
 51.1200      5715
 51.1400      5595
 51.1600      5655
 51.1800      5461
 51.2000      5520
 51.2200      5388
 51.2400      5476
 51.2600      5242
 51.2800      5285
 51.3000      5432
 51.3200      5329
 51.3400      5227
 51.3600      5285
 51.3800      5242
 51.4000      5198
 51.4200      5184
 51.4400      5184
 51.4600      5155
 51.4800      5141
 51.5000      5127
 51.5200      5084
 51.5400      5155
 51.5600      5141
 51.5800      5027
 51.6000      5127
 51.6200      4970
 51.6400      5084
 51.6600      5055
 51.6800      4984
 51.7000      5112
 51.7200      5098
 51.7400      5098
 51.7600      4984
 51.7800      5013
 51.8000      5055
 51.8200      5170
 51.8400      4858
 51.8600      4956
 51.8800      5027
 51.9000      5069
 51.9200      5084
 51.9400      4956
 51.9600      4984
 51.9800      4942
 52.0000      5084
 52.0200      5155
 52.0400      4998
 52.0600      5055
 52.0800      4998
 52.1000      5069
 52.1200      5041
 52.1400      5098
 52.1600      4928
 52.1800      5069
 52.2000      4970
 52.2200      5027
 52.2400      5027
 52.2600      5069
 52.2800      4844
 52.3000      5013
 52.3200      5098
 52.3400      4844
 52.3600      4970
 52.3800      5069
 52.4000      4900
 52.4200      4928
 52.4400      4914
 52.4600      4956
 52.4800      4984
 52.5000      4942
 52.5200      5013
 52.5400      4942
 52.5600      4998
 52.5800      4984
 52.6000      5013
 52.6200      5041
 52.6400      4928
 52.6600      5013
 52.6800      4844
 52.7000      4886
 52.7200      4956
 52.7400      4872
 52.7600      5041
 52.7800      4970
 52.8000      5013
 52.8200      4886
 52.8400      4900
 52.8600      5055
 52.8800      4984
 52.9000      4914
 52.9200      4998
 52.9400      4914
 52.9600      4914
 52.9800      4886
 53.0000      4886
 53.0200      4956
 53.0400      5013
 53.0600      4914
 53.0800      4984
 53.1000      4942
 53.1200      4914
 53.1400      4956
 53.1600      4970
 53.1800      4984
 53.2000      5013
 53.2200      5027
 53.2400      4914
 53.2600      4942
 53.2800      4956
 53.3000      4872
 53.3200      4942
 53.3400      4984
 53.3600      4998
 53.3800      5041
 53.4000      4998
 53.4200      4970
 53.4400      4928
 53.4600      5184
 53.4800      4984
 53.5000      4886
 53.5200      4942
 53.5400      4886
 53.5600      4858
 53.5800      4984
 53.6000      5069
 53.6200      4844
 53.6400      4984
 53.6600      5041
 53.6800      5013
 53.7000      5055
 53.7200      4984
 53.7400      4928
 53.7600      4844
 53.7800      4900
 53.8000      4872
 53.8200      4998
 53.8400      4844
 53.8600      4816
 53.8800      4900
 53.9000      5027
 53.9200      4956
 53.9400      5084
 53.9600      5013
 53.9800      5069
 54.0000      4900
 54.0200      4900
 54.0400      4886
 54.0600      4830
 54.0800      5041
 54.1000      4942
 54.1200      5027
 54.1400      4984
 54.1600      4858
 54.1800      4956
 54.2000      4984
 54.2200      4900
 54.2400      5027
 54.2600      4816
 54.2800      4872
 54.3000      4914
 54.3200      4900
 54.3400      4970
 54.3600      5069
 54.3800      4928
 54.4000      4970
 54.4200      4914
 54.4400      4942
 54.4600      4956
 54.4800      4900
 54.5000      5013
 54.5200      4914
 54.5400      4956
 54.5600      4914
 54.5800      4900
 54.6000      4914
 54.6200      5069
 54.6400      4984
 54.6600      4942
 54.6800      4858
 54.7000      4998
 54.7200      4998
 54.7400      4872
 54.7600      5027
 54.7800      5013
 54.8000      4914
 54.8200      4858
 54.8400      4872
 54.8600      4998
 54.8800      4984
 54.9000      5027
 54.9200      4900
 54.9400      4984
 54.9600      4942
 54.9800      4900
 55.0000      4956
 55.0200      4970
 55.0400      4900
 55.0600      5013
 55.0800      4914
 55.1000      4872
 55.1200      4942
 55.1400      5013
 55.1600      4858
 55.1800      4998
 55.2000      4872
 55.2200      4970
 55.2400      5013
 55.2600      5055
 55.2800      4984
 55.3000      4970
 55.3200      4956
 55.3400      4830
 55.3600      4872
 55.3800      4816
 55.4000      5069
 55.4200      4928
 55.4400      4984
 55.4600      4998
 55.4800      4928
 55.5000      5069
 55.5200      4970
 55.5400      4998
 55.5600      4984
 55.5800      4956
 55.6000      4844
 55.6200      4984
 55.6400      5013
 55.6600      5013
 55.6800      4928
 55.7000      5013
 55.7200      4914
 55.7400      4886
 55.7600      5013
 55.7800      4789
 55.8000      5013
 55.8200      4970
 55.8400      4914
 55.8600      4914
 55.8800      4900
 55.9000      4886
 55.9200      4984
 55.9400      4914
 55.9600      4970
 55.9800      4942
 56.0000      4984
 56.0200      4872
 56.0400      5027
 56.0600      4998
 56.0800      4816
 56.1000      5027
 56.1200      5013
 56.1400      4928
 56.1600      4998
 56.1800      4914
 56.2000      4998
 56.2200      4970
 56.2400      4928
 56.2600      5027
 56.2800      5027
 56.3000      4956
 56.3200      4914
 56.3400      4998
 56.3600      4900
 56.3800      4928
 56.4000      4886
 56.4200      4942
 56.4400      4956
 56.4600      4984
 56.4800      4914
 56.5000      4956
 56.5200      4956
 56.5400      4928
 56.5600      4942
 56.5800      5084
 56.6000      4956
 56.6200      4956
 56.6400      4984
 56.6600      4998
 56.6800      4858
 56.7000      4942
 56.7200      4956
 56.7400      4914
 56.7600      4956
 56.7800      4886
 56.8000      4956
 56.8200      4775
 56.8400      4942
 56.8600      4942
 56.8800      4914
 56.9000      4956
 56.9200      5013
 56.9400      4886
 56.9600      4830
 56.9800      4886
 57.0000      4984
 57.0200      5041
 57.0400      5084
 57.0600      5084
 57.0800      4970
 57.1000      4984
 57.1200      4956
 57.1400      5027
 57.1600      4970
 57.1800      5027
 57.2000      4984
 57.2200      4998
 57.2400      5027
 57.2600      4928
 57.2800      4886
 57.3000      4914
 57.3200      5013
 57.3400      4872
 57.3600      5055
 57.3800      4844
 57.4000      4998
 57.4200      4928
 57.4400      5027
 57.4600      4886
 57.4800      5027
 57.5000      4956
 57.5200      4956
 57.5400      4984
 57.5600      4984
 57.5800      4928
 57.6000      4956
 57.6200      4956
 57.6400      4872
 57.6600      4970
 57.6800      4942
 57.7000      4956
 57.7200      5041
 57.7400      4970
 57.7600      4942
 57.7800      4858
 57.8000      5013
 57.8200      5027
 57.8400      5098
 57.8600      4956
 57.8800      4970
 57.9000      4872
 57.9200      5127
 57.9400      4956
 57.9600      4984
 57.9800      4928
 58.0000      4816
 58.0200      4970
 58.0400      4970
 58.0600      4844
 58.0800      4872
 58.1000      4956
 58.1200      5069
 58.1400      5069
 58.1600      5027
 58.1800      4956
 58.2000      4998
 58.2200      5041
 58.2400      5013
 58.2600      5013
 58.2800      5112
 58.3000      4858
 58.3200      5041
 58.3400      5112
 58.3600      4844
 58.3800      4984
 58.4000      5013
 58.4200      4998
 58.4400      4956
 58.4600      4998
 58.4800      5069
 58.5000      4900
 58.5200      5055
 58.5400      5013
 58.5600      4942
 58.5800      5069
 58.6000      4872
 58.6200      5084
 58.6400      5112
 58.6600      4886
 58.6800      5127
 58.7000      4886
 58.7200      5041
 58.7400      5055
 58.7600      4942
 58.7800      4956
 58.8000      4914
 58.8200      5041
 58.8400      5055
 58.8600      5013
 58.8800      5027
 58.9000      4998
 58.9200      4942
 58.9400      4984
 58.9600      4998
 58.9800      4970
 59.0000      4970
 59.0200      5013
 59.0400      5055
 59.0600      4970
 59.0800      5041
 59.1000      4914
 59.1200      4984
 59.1400      5055
 59.1600      5027
 59.1800      4900
 59.2000      4942
 59.2200      4984
 59.2400      4928
 59.2600      5013
 59.2800      5055
 59.3000      4928
 59.3200      4858
 59.3400      5055
 59.3600      4942
 59.3800      5041
 59.4000      4942
 59.4200      5041
 59.4400      4914
 59.4600      4928
 59.4800      4998
 59.5000      4942
 59.5200      4886
 59.5400      4928
 59.5600      5098
 59.5800      4970
 59.6000      4970
 59.6200      5141
 59.6400      5027
 59.6600      4998
 59.6800      5084
 59.7000      4872
 59.7200      5041
 59.7400      5013
 59.7600      5055
 59.7800      4984
 59.8000      4914
 59.8200      5084
 59.8400      5127
 59.8600      4956
 59.8800      5013
 59.9000      4998
 59.9200      4956
 59.9400      5027
 59.9600      5055
 59.9800      5055
 60.0000      5127
 60.0200      4998
 60.0400      4970
 60.0600      5027
 60.0800      4928
 60.1000      5041
 60.1200      4970
 60.1400      4956
 60.1600      5013
 60.1800      4970
 60.2000      4928
 60.2200      4970
 60.2400      4970
 60.2600      4998
 60.2800      4998
 60.3000      5013
 60.3200      4942
 60.3400      5055
 60.3600      5041
 60.3800      4970
 60.4000      4956
 60.4200      4998
 60.4400      5041
 60.4600      4900
 60.4800      4914
 60.5000      4998
 60.5200      5256
 60.5400      5027
 60.5600      4928
 60.5800      4956
 60.6000      4956
 60.6200      5027
 60.6400      4942
 60.6600      4998
 60.6800      4970
 60.7000      4998
 60.7200      4886
 60.7400      4956
 60.7600      5027
 60.7800      4998
 60.8000      4970
 60.8200      4956
 60.8400      5055
 60.8600      4872
 60.8800      5127
 60.9000      4914
 60.9200      4914
 60.9400      4942
 60.9600      5198
 60.9800      4998
 61.0000      4984
 61.0200      5013
 61.0400      5098
 61.0600      4928
 61.0800      5041
 61.1000      4984
 61.1200      5084
 61.1400      4984
 61.1600      4984
 61.1800      4942
 61.2000      5013
 61.2200      5027
 61.2400      4942
 61.2600      5013
 61.2800      5041
 61.3000      5141
 61.3200      4914
 61.3400      4900
 61.3600      5055
 61.3800      4928
 61.4000      4970
 61.4200      5041
 61.4400      5041
 61.4600      4942
 61.4800      4956
 61.5000      5013
 61.5200      5127
 61.5400      4942
 61.5600      4886
 61.5800      5170
 61.6000      4970
 61.6200      5027
 61.6400      5084
 61.6600      5027
 61.6800      4942
 61.7000      4998
 61.7200      5027
 61.7400      5227
 61.7600      5041
 61.7800      5041
 61.8000      5041
 61.8200      5069
 61.8400      5055
 61.8600      4998
 61.8800      4984
 61.9000      5084
 61.9200      4970
 61.9400      4998
 61.9600      5155
 61.9800      4998
 62.0000      5069
 62.0200      5084
 62.0400      4970
 62.0600      5198
 62.0800      4956
 62.1000      5055
 62.1200      5069
 62.1400      4970
 62.1600      4942
 62.1800      5041
 62.2000      4984
 62.2200      4984
 62.2400      4914
 62.2600      4984
 62.2800      4900
 62.3000      4998
 62.3200      4914
 62.3400      4928
 62.3600      5055
 62.3800      5013
 62.4000      5098
 62.4200      4970
 62.4400      5098
 62.4600      5027
 62.4800      5098
 62.5000      5013
 62.5200      5069
 62.5400      5141
 62.5600      4858
 62.5800      5013
 62.6000      4984
 62.6200      4914
 62.6400      4775
 62.6600      4998
 62.6800      4914
 62.7000      4942
 62.7200      5041
 62.7400      5041
 62.7600      5084
 62.7800      4886
 62.8000      5112
 62.8200      4970
 62.8400      4984
 62.8600      5170
 62.8800      4886
 62.9000      5069
 62.9200      5084
 62.9400      4900
 62.9600      4942
 62.9800      4956
 63.0000      5112
 63.0200      5041
 63.0400      5084
 63.0600      4984
 63.0800      5013
 63.1000      5084
 63.1200      4858
 63.1400      5055
 63.1600      5027
 63.1800      4984
 63.2000      5141
 63.2200      5084
 63.2400      5041
 63.2600      5013
 63.2800      5055
 63.3000      5041
 63.3200      5013
 63.3400      4942
 63.3600      4998
 63.3800      5084
 63.4000      5069
 63.4200      5141
 63.4400      4900
 63.4600      4956
 63.4800      5027
 63.5000      4942
 63.5200      5041
 63.5400      4984
 63.5600      4984
 63.5800      4914
 63.6000      4998
 63.6200      5055
 63.6400      5055
 63.6600      4942
 63.6800      5055
 63.7000      4984
 63.7200      4970
 63.7400      4984
 63.7600      5041
 63.7800      4956
 63.8000      5055
 63.8200      4928
 63.8400      4900
 63.8600      5013
 63.8800      5013
 63.9000      5055
 63.9200      4844
 63.9400      5027
 63.9600      4844
 63.9800      5141
 64.0000      5069
 64.0200      5055
 64.0400      4998
 64.0600      5098
 64.0800      5184
 64.1000      5041
 64.1200      5084
 64.1400      5013
 64.1600      5069
 64.1800      5112
 64.2000      4942
 64.2200      4886
 64.2400      5055
 64.2600      4970
 64.2800      5084
 64.3000      5041
 64.3200      5041
 64.3400      5027
 64.3600      5013
 64.3800      5170
 64.4000      5141
 64.4200      5055
 64.4400      5041
 64.4600      5112
 64.4800      5170
 64.5000      4956
 64.5200      4942
 64.5400      4984
 64.5600      4956
 64.5800      5098
 64.6000      5055
 64.6200      5155
 64.6400      5013
 64.6600      4886
 64.6800      5098
 64.7000      5013
 64.7200      4998
 64.7400      4970
 64.7600      5098
 64.7800      5112
 64.8000      4942
 64.8200      4998
 64.8400      5013
 64.8600      5170
 64.8800      4984
 64.9000      5155
 64.9200      5013
 64.9400      5069
 64.9600      5041
 64.9800      4956
 65.0000      4970
 65.0200      5027
 65.0400      4928
 65.0600      5155
 65.0800      5198
 65.1000      5027
 65.1200      5098
 65.1400      4942
 65.1600      5013
 65.1800      5098
 65.2000      4984
 65.2200      5141
 65.2400      5098
 65.2600      5013
 65.2800      5069
 65.3000      4970
 65.3200      5027
 65.3400      4942
 65.3600      5141
 65.3800      4984
 65.4000      5027
 65.4200      5069
 65.4400      5041
 65.4600      5055
 65.4800      5112
 65.5000      5098
 65.5200      5112
 65.5400      4942
 65.5600      4970
 65.5800      5041
 65.6000      5127
 65.6200      5098
 65.6400      5127
 65.6600      4942
 65.6800      5127
 65.7000      5098
 65.7200      5084
 65.7400      5098
 65.7600      5198
 65.7800      5055
 65.8000      5112
 65.8200      5013
 65.8400      4900
 65.8600      5069
 65.8800      5084
 65.9000      5013
 65.9200      5055
 65.9400      5084
 65.9600      5141
 65.9800      5112
 66.0000      5055
 66.0200      5155
 66.0400      5098
 66.0600      5198
 66.0800      5027
 66.1000      5041
 66.1200      5041
 66.1400      5069
 66.1600      5041
 66.1800      5112
 66.2000      5041
 66.2200      4998
 66.2400      5084
 66.2600      5055
 66.2800      5098
 66.3000      5055
 66.3200      5069
 66.3400      4984
 66.3600      4914
 66.3800      5027
 66.4000      5013
 66.4200      5027
 66.4400      5098
 66.4600      4886
 66.4800      5141
 66.5000      5141
 66.5200      5127
 66.5400      4970
 66.5600      5127
 66.5800      5242
 66.6000      5041
 66.6200      5170
 66.6400      4970
 66.6600      5027
 66.6800      5112
 66.7000      5027
 66.7200      4998
 66.7400      5098
 66.7600      4984
 66.7800      5098
 66.8000      5098
 66.8200      5041
 66.8400      5141
 66.8600      5041
 66.8800      5055
 66.9000      5055
 66.9200      5271
 66.9400      5041
 66.9600      5112
 66.9800      5027
 67.0000      5069
 67.0200      5141
 67.0400      5155
 67.0600      5041
 67.0800      5069
 67.1000      4998
 67.1200      5141
 67.1400      5141
 67.1600      5041
 67.1800      4942
 67.2000      5112
 67.2200      5141
 67.2400      5127
 67.2600      4998
 67.2800      5098
 67.3000      5069
 67.3200      4998
 67.3400      5141
 67.3600      5112
 67.3800      5141
 67.4000      5242
 67.4200      4998
 67.4400      4942
 67.4600      5055
 67.4800      5098
 67.5000      5141
 67.5200      4970
 67.5400      5041
 67.5600      5242
 67.5800      5069
 67.6000      5069
 67.6200      5069
 67.6400      5069
 67.6600      5112
 67.6800      5041
 67.7000      4970
 67.7200      5084
 67.7400      5084
 67.7600      4998
 67.7800      5127
 67.8000      5084
 67.8200      5084
 67.8400      5027
 67.8600      5184
 67.8800      5084
 67.9000      5041
 67.9200      5112
 67.9400      5098
 67.9600      4998
 67.9800      5098
 68.0000      5112
 68.0200      5055
 68.0400      5112
 68.0600      5084
 68.0800      5084
 68.1000      5098
 68.1200      5055
 68.1400      4984
 68.1600      5127
 68.1800      5069
 68.2000      5041
 68.2200      4900
 68.2400      4886
 68.2600      5027
 68.2800      5069
 68.3000      5227
 68.3200      5098
 68.3400      5314
 68.3600      5141
 68.3800      5127
 68.4000      5170
 68.4200      5155
 68.4400      5069
 68.4600      5112
 68.4800      5098
 68.5000      5084
 68.5200      5084
 68.5400      5041
 68.5600      5198
 68.5800      5013
 68.6000      5213
 68.6200      4956
 68.6400      5213
 68.6600      4998
 68.6800      5170
 68.7000      5256
 68.7200      5055
 68.7400      5300
 68.7600      5069
 68.7800      5141
 68.8000      5055
 68.8200      5084
 68.8400      5112
 68.8600      5271
 68.8800      5184
 68.9000      4998
 68.9200      4956
 68.9400      4998
 68.9600      5112
 68.9800      5069
 69.0000      5155
 69.0200      5098
 69.0400      5112
 69.0600      5055
 69.0800      5055
 69.1000      5170
 69.1200      5184
 69.1400      4998
 69.1600      5227
 69.1800      5256
 69.2000      5027
 69.2200      5141
 69.2400      5084
 69.2600      5184
 69.2800      4886
 69.3000      5141
 69.3200      5127
 69.3400      5227
 69.3600      4998
 69.3800      5141
 69.4000      5170
 69.4200      5141
 69.4400      5055
 69.4600      5055
 69.4800      5112
 69.5000      5198
 69.5200      5055
 69.5400      5098
 69.5600      5041
 69.5800      5184
 69.6000      5155
 69.6200      5112
 69.6400      5198
 69.6600      5227
 69.6800      5112
 69.7000      5256
 69.7200      5069
 69.7400      5098
 69.7600      5069
 69.7800      5213
 69.8000      5155
 69.8200      5127
 69.8400      5055
 69.8600      5184
 69.8800      5112
 69.9000      5127
 69.9200      5141
 69.9400      5373
 69.9600      5256
 69.9800      5170
 70.0000      5127
 70.0200      5112
 70.0400      5227
 70.0600      5141
 70.0800      5141
 70.1000      5213
 70.1200      5213
 70.1400      5170
 70.1600      5055
 70.1800      5112
 70.2000      5227
 70.2200      5256
 70.2400      5242
 70.2600      5329
 70.2800      5184
 70.3000      5271
 70.3200      5213
 70.3400      5127
 70.3600      5198
 70.3800      5098
 70.4000      5170
 70.4200      5041
 70.4400      5055
 70.4600      5242
 70.4800      4970
 70.5000      5112
 70.5200      5184
 70.5400      5242
 70.5600      5213
 70.5800      5041
 70.6000      5300
 70.6200      5112
 70.6400      5256
 70.6600      5213
 70.6800      5112
 70.7000      5127
 70.7200      5155
 70.7400      5055
 70.7600      5344
 70.7800      5358
 70.8000      5084
 70.8200      5141
 70.8400      5271
 70.8600      5184
 70.8800      5184
 70.9000      5155
 70.9200      5170
 70.9400      5227
 70.9600      5227
 70.9800      5184
 71.0000      5069
 71.0200      5155
 71.0400      5013
 71.0600      5285
 71.0800      5300
 71.1000      5141
 71.1200      5170
 71.1400      5198
 71.1600      5285
 71.1800      5314
 71.2000      5127
 71.2200      5170
 71.2400      5098
 71.2600      5141
 71.2800      5227
 71.3000      5314
 71.3200      5213
 71.3400      5184
 71.3600      5227
 71.3800      5300
 71.4000      5198
 71.4200      5198
 71.4400      5358
 71.4600      5256
 71.4800      5344
 71.5000      5314
 71.5200      5141
 71.5400      5141
 71.5600      5271
 71.5800      5506
 71.6000      5271
 71.6200      5300
 71.6400      5170
 71.6600      5227
 71.6800      5198
 71.7000      5271
 71.7200      5141
 71.7400      5170
 71.7600      5184
 71.7800      5141
 71.8000      5141
 71.8200      5213
 71.8400      5329
 71.8600      5329
 71.8800      5213
 71.9000      5344
 71.9200      5184
 71.9400      5227
 71.9600      5170
 71.9800      5213
 72.0000      5141
 72.0200      5184
 72.0400      5227
 72.0600      5358
 72.0800      5314
 72.1000      5227
 72.1200      5256
 72.1400      5271
 72.1600      5329
 72.1800      5256
 72.2000      5314
 72.2200      5256
 72.2400      5329
 72.2600      5271
 72.2800      5358
 72.3000      5329
 72.3200      5184
 72.3400      5329
 72.3600      5285
 72.3800      5373
 72.4000      5344
 72.4200      5300
 72.4400      5446
 72.4600      5388
 72.4800      5358
 72.5000      5256
 72.5200      5314
 72.5400      5373
 72.5600      5402
 72.5800      5358
 72.6000      5388
 72.6200      5271
 72.6400      5476
 72.6600      5417
 72.6800      5344
 72.7000      5256
 72.7200      5358
 72.7400      5271
 72.7600      5314
 72.7800      5491
 72.8000      5402
 72.8200      5506
 72.8400      5432
 72.8600      5595
 72.8800      5344
 72.9000      5580
 72.9200      5535
 72.9400      5520
 72.9600      5417
 72.9800      5595
 73.0000      5506
 73.0200      5640
 73.0400      5476
 73.0600      5491
 73.0800      5446
 73.1000      5520
 73.1200      5476
 73.1400      5595
 73.1600      5520
 73.1800      5700
 73.2000      5640
 73.2200      5715
 73.2400      5776
 73.2600      5685
 73.2800      5610
 73.3000      5791
 73.3200      5761
 73.3400      5868
 73.3600      5670
 73.3800      5806
 73.4000      5791
 73.4200      5806
 73.4400      5929
 73.4600      6037
 73.4800      6022
 73.5000      6037
 73.5200      6178
 73.5400      6225
 73.5600      6336
 73.5800      6368
 73.6000      6529
 73.6200      6304
 73.6400      6610
 73.6600      6626
 73.6800      6773
 73.7000      6922
 73.7200      7056
 73.7400      7208
 73.7600      7413
 73.7800      7379
 73.8000      7691
 73.8200      8046
 73.8400      8354
 73.8600      8372
 73.8800      8817
 73.9000      9101
 73.9200      9683
 73.9400      9960
 73.9600     10733
 73.9800     11194
 74.0000     11751
 74.0200     13042
 74.0400     13853
 74.0600     15055
 74.0800     16384
 74.1000     17609
 74.1200     19238
 74.1400     21287
 74.1600     23195
 74.1800     25217
 74.2000     27357
 74.2200     29860
 74.2400     31720
 74.2600     32942
 74.2800     34745
 74.3000     36138
 74.3200     36443
 74.3400     36481
 74.3600     36138
 74.3800     36176
 74.4000     35306
 74.4200     34410
 74.4400     33306
 74.4600     31969
 74.4800     30380
 74.5000     29275
 74.5200     27556
 74.5400     26406
 74.5600     25027
 74.5800     23470
 74.6000     22112
 74.6200     20592
 74.6400     18989
 74.6600     17662
 74.6800     16282
 74.7000     15031
 74.7200     13806
 74.7400     12656
 74.7600     11794
 74.7800     11025
 74.8000     10262
 74.8200      9801
 74.8400      9274
 74.8600      8705
 74.8800      8317
 74.9000      8118
 74.9200      7832
 74.9400      7586
 74.9600      7482
 74.9800      7174
 75.0000      6939
 75.0200      7006
 75.0400      6757
 75.0600      6659
 75.0800      6577
 75.1000      6561
 75.1200      6336
 75.1400      6194
 75.1600      6115
 75.1800      6053
 75.2000      6053
 75.2200      6147
 75.2400      5929
 75.2600      5852
 75.2800      6006
 75.3000      5746
 75.3200      5975
 75.3400      5837
 75.3600      5868
 75.3800      5898
 75.4000      5761
 75.4200      5640
 75.4400      5655
 75.4600      5746
 75.4800      5595
 75.5000      5580
 75.5200      5655
 75.5400      5595
 75.5600      5610
 75.5800      5565
 75.6000      5625
 75.6200      5535
 75.6400      5565
 75.6600      5610
 75.6800      5535
 75.7000      5670
 75.7200      5580
 75.7400      5565
 75.7600      5550
 75.7800      5506
 75.8000      5432
 75.8200      5506
 75.8400      5565
 75.8600      5476
 75.8800      5565
 75.9000      5506
 75.9200      5358
 75.9400      5446
 75.9600      5476
 75.9800      5402
 76.0000      5446
 76.0200      5358
 76.0400      5446
 76.0600      5446
 76.0800      5417
 76.1000      5417
 76.1200      5388
 76.1400      5565
 76.1600      5227
 76.1800      5329
 76.2000      5432
 76.2200      5300
 76.2400      5329
 76.2600      5344
 76.2800      5285
 76.3000      5417
 76.3200      5373
 76.3400      5227
 76.3600      5329
 76.3800      5417
 76.4000      5432
 76.4200      5300
 76.4400      5388
 76.4600      5344
 76.4800      5329
 76.5000      5300
 76.5200      5373
 76.5400      5285
 76.5600      5242
 76.5800      5358
 76.6000      5271
 76.6200      5329
 76.6400      5402
 76.6600      5300
 76.6800      5373
 76.7000      5227
 76.7200      5242
 76.7400      5329
 76.7600      5314
 76.7800      5329
 76.8000      5432
 76.8200      5432
 76.8400      5256
 76.8600      5300
 76.8800      5285
 76.9000      5256
 76.9200      5358
 76.9400      5344
 76.9600      5198
 76.9800      5358
 77.0000      5271
 77.0200      5256
 77.0400      5198
 77.0600      5300
 77.0800      5344
 77.1000      5213
 77.1200      5271
 77.1400      5285
 77.1600      5141
 77.1800      5358
 77.2000      5213
 77.2200      5314
 77.2400      5155
 77.2600      5184
 77.2800      5300
 77.3000      5285
 77.3200      5314
 77.3400      5329
 77.3600      5256
 77.3800      5271
 77.4000      5227
 77.4200      5227
 77.4400      5256
 77.4600      5358
 77.4800      5184
 77.5000      5227
 77.5200      5271
 77.5400      5198
 77.5600      5271
 77.5800      5170
 77.6000      5358
 77.6200      5242
 77.6400      5256
 77.6600      5098
 77.6800      5314
 77.7000      5256
 77.7200      5198
 77.7400      5373
 77.7600      5227
 77.7800      5285
 77.8000      5213
 77.8200      5285
 77.8400      5329
 77.8600      5227
 77.8800      5184
 77.9000      5329
 77.9200      5285
 77.9400      5285
 77.9600      5329
 77.9800      5285
 78.0000      5213
 78.0200      5300
 78.0400      5300
 78.0600      5271
 78.0800      5329
 78.1000      5285
 78.1200      5314
 78.1400      5256
 78.1600      5184
 78.1800      5300
 78.2000      5285
 78.2200      5170
 78.2400      5242
 78.2600      5344
 78.2800      5242
 78.3000      5112
 78.3200      5271
 78.3400      5271
 78.3600      5184
 78.3800      5227
 78.4000      5242
 78.4200      5388
 78.4400      5256
 78.4600      5358
 78.4800      5213
 78.5000      5069
 78.5200      5358
 78.5400      5329
 78.5600      5198
 78.5800      5227
 78.6000      5227
 78.6200      5227
 78.6400      5213
 78.6600      5256
 78.6800      5227
 78.7000      5170
 78.7200      5300
 78.7400      5170
 78.7600      5213
 78.7800      5227
 78.8000      5402
 78.8200      5155
 78.8400      5242
 78.8600      5184
 78.8800      5314
 78.9000      5314
 78.9200      5213
 78.9400      5155
 78.9600      5285
 78.9800      5198
 79.0000      5242
 79.0200      5329
 79.0400      5256
 79.0600      5198
 79.0800      5213
 79.1000      5256
 79.1200      5271
 79.1400      5271
 79.1600      5227
 79.1800      5213
 79.2000      5112
 79.2200      5198
 79.2400      5198
 79.2600      5256
 79.2800      5184
 79.3000      5271
 79.3200      5213
 79.3400      5271
 79.3600      5213
 79.3800      5271
 79.4000      5271
 79.4200      5461
 79.4400      5300
 79.4600      5155
 79.4800      5271
 79.5000      5227
 79.5200      5285
 79.5400      5314
 79.5600      5256
 79.5800      5373
 79.6000      5213
 79.6200      5242
 79.6400      5213
 79.6600      5344
 79.6800      5184
 79.7000      5329
 79.7200      5184
 79.7400      5256
 79.7600      5285
 79.7800      5285
 79.8000      5242
 79.8200      5358
 79.8400      5098
 79.8600      5170
 79.8800      5300
 79.9000      5314
 79.9200      5184
 79.9400      5388
 79.9600      5112
 79.9800      5170
 80.0000      5213
 80.0200      5256
 80.0400      5127
 80.0600      5242
 80.0800      5184
 80.1000      5184
 80.1200      5098
 80.1400      5198
 80.1600      5285
 80.1800      5112
 80.2000      5285
 80.2200      5271
 80.2400      5344
 80.2600      5314
 80.2800      5098
 80.3000      5198
 80.3200      5256
 80.3400      5127
 80.3600      5227
 80.3800      5271
 80.4000      5329
 80.4200      5373
 80.4400      5227
 80.4600      5242
 80.4800      5256
 80.5000      5314
 80.5200      5344
 80.5400      5242
 80.5600      5242
 80.5800      5213
 80.6000      5300
 80.6200      5127
 80.6400      5329
 80.6600      5155
 80.6800      5170
 80.7000      5170
 80.7200      5242
 80.7400      5242
 80.7600      5344
 80.7800      5358
 80.8000      5271
 80.8200      5227
 80.8400      5314
 80.8600      5314
 80.8800      5127
 80.9000      5213
 80.9200      5213
 80.9400      5213
 80.9600      5256
 80.9800      5285
 81.0000      5112
 81.0200      5141
 81.0400      5314
 81.0600      5285
 81.0800      5127
 81.1000      5184
 81.1200      5112
 81.1400      5285
 81.1600      5314
 81.1800      5271
 81.2000      5213
 81.2200      5141
 81.2400      5314
 81.2600      5155
 81.2800      5155
 81.3000      5184
 81.3200      5227
 81.3400      5271
 81.3600      5155
 81.3800      5055
 81.4000      5388
 81.4200      5285
 81.4400      5127
 81.4600      5285
 81.4800      5285
 81.5000      5213
 81.5200      5198
 81.5400      5256
 81.5600      5184
 81.5800      5358
 81.6000      5141
 81.6200      5141
 81.6400      5227
 81.6600      5402
 81.6800      5227
 81.7000      5141
 81.7200      5417
 81.7400      5358
 81.7600      5256
 81.7800      5170
 81.8000      5300
 81.8200      5285
 81.8400      5271
 81.8600      5242
 81.8800      5300
 81.9000      5344
 81.9200      5271
 81.9400      5256
 81.9600      5227
 81.9800      5271
 82.0000      5271
 82.0200      5141
 82.0400      5242
 82.0600      5112
 82.0800      5256
 82.1000      5314
 82.1200      5285
 82.1400      5314
 82.1600      5300
 82.1800      5184
 82.2000      5141
 82.2200      5155
 82.2400      5373
 82.2600      5198
 82.2800      5271
 82.3000      5271
 82.3200      5141
 82.3400      5227
 82.3600      5242
 82.3800      5256
 82.4000      5198
 82.4200      5242
 82.4400      5227
 82.4600      5285
 82.4800      5256
 82.5000      5227
 82.5200      5329
 82.5400      5271
 82.5600      5242
 82.5800      5300
 82.6000      5300
 82.6200      5141
 82.6400      5227
 82.6600      5141
 82.6800      5141
 82.7000      5227
 82.7200      5127
 82.7400      5184
 82.7600      5314
 82.7800      5329
 82.8000      5242
 82.8200      5300
 82.8400      5127
 82.8600      5242
 82.8800      5184
 82.9000      5141
 82.9200      5198
 82.9400      5155
 82.9600      5314
 82.9800      5242
 83.0000      5184
 83.0200      5358
 83.0400      5198
 83.0600      5227
 83.0800      5141
 83.1000      5285
 83.1200      5098
 83.1400      5242
 83.1600      5198
 83.1800      5300
 83.2000      5198
 83.2200      5155
 83.2400      5227
 83.2600      5300
 83.2800      5170
 83.3000      5256
 83.3200      5227
 83.3400      5242
 83.3600      5198
 83.3800      5242
 83.4000      5084
 83.4200      5271
 83.4400      5271
 83.4600      5170
 83.4800      5314
 83.5000      5213
 83.5200      5300
 83.5400      5170
 83.5600      5227
 83.5800      5227
 83.6000      5329
 83.6200      5256
 83.6400      5271
 83.6600      5198
 83.6800      5314
 83.7000      5213
 83.7200      5127
 83.7400      5127
 83.7600      5388
 83.7800      5271
 83.8000      5271
 83.8200      5314
 83.8400      5373
 83.8600      5213
 83.8800      5300
 83.9000      5242
 83.9200      5329
 83.9400      5227
 83.9600      5285
 83.9800      5314
 84.0000      5184
 84.0200      5285
 84.0400      5184
 84.0600      5256
 84.0800      5314
 84.1000      5141
 84.1200      5373
 84.1400      5242
 84.1600      5141
 84.1800      5300
 84.2000      5329
 84.2200      5256
 84.2400      5213
 84.2600      5314
 84.2800      5170
 84.3000      5388
 84.3200      5213
 84.3400      5344
 84.3600      5155
 84.3800      5329
 84.4000      5314
 84.4200      5141
 84.4400      5098
 84.4600      5256
 84.4800      5417
 84.5000      5198
 84.5200      5184
 84.5400      5213
 84.5600      5417
 84.5800      5314
 84.6000      5112
 84.6200      5388
 84.6400      5184
 84.6600      5213
 84.6800      5358
 84.7000      5155
 84.7200      5213
 84.7400      5084
 84.7600      5271
 84.7800      5256
 84.8000      5373
 84.8200      5127
 84.8400      5227
 84.8600      5227
 84.8800      5329
 84.9000      5271
 84.9200      5285
 84.9400      5198
 84.9600      5256
 84.9800      5344
 85.0000      5155
 85.0200      5170
 85.0400      5198
 85.0600      5417
 85.0800      5213
 85.1000      5300
 85.1200      5388
 85.1400      5155
 85.1600      5373
 85.1800      5213
 85.2000      5300
 85.2200      5285
 85.2400      5184
 85.2600      5242
 85.2800      5373
 85.3000      5242
 85.3200      5227
 85.3400      5300
 85.3600      5170
 85.3800      5373
 85.4000      5271
 85.4200      5198
 85.4400      5314
 85.4600      5285
 85.4800      5170
 85.5000      5155
 85.5200      5285
 85.5400      5344
 85.5600      5198
 85.5800      5314
 85.6000      5271
 85.6200      5256
 85.6400      5242
 85.6600      5329
 85.6800      5344
 85.7000      5155
 85.7200      5256
 85.7400      5344
 85.7600      5329
 85.7800      5242
 85.8000      5285
 85.8200      5329
 85.8400      5314
 85.8600      5300
 85.8800      5314
 85.9000      5285
 85.9200      5388
 85.9400      5213
 85.9600      5198
 85.9800      5227
 86.0000      5213
 86.0200      5285
 86.0400      5402
 86.0600      5127
 86.0800      5373
 86.1000      5271
 86.1200      5213
 86.1400      5285
 86.1600      5344
 86.1800      5127
 86.2000      5300
 86.2200      5198
 86.2400      5314
 86.2600      5373
 86.2800      5198
 86.3000      5461
 86.3200      5213
 86.3400      5242
 86.3600      5198
 86.3800      5329
 86.4000      5373
 86.4200      5227
 86.4400      5155
 86.4600      5198
 86.4800      5358
 86.5000      5402
 86.5200      5213
 86.5400      5184
 86.5600      5314
 86.5800      5242
 86.6000      5417
 86.6200      5256
 86.6400      5198
 86.6600      5256
 86.6800      5127
 86.7000      5300
 86.7200      5184
 86.7400      5388
 86.7600      5344
 86.7800      5344
 86.8000      5402
 86.8200      5358
 86.8400      5329
 86.8600      5198
 86.8800      5329
 86.9000      5344
 86.9200      5402
 86.9400      5271
 86.9600      5358
 86.9800      5242
 87.0000      5198
 87.0200      5300
 87.0400      5344
 87.0600      5344
 87.0800      5329
 87.1000      5256
 87.1200      5170
 87.1400      5329
 87.1600      5271
 87.1800      5314
 87.2000      5271
 87.2200      5271
 87.2400      5242
 87.2600      5314
 87.2800      5271
 87.3000      5127
 87.3200      5344
 87.3400      5285
 87.3600      5271
 87.3800      5358
 87.4000      5358
 87.4200      5300
 87.4400      5358
 87.4600      5314
 87.4800      5271
 87.5000      5170
 87.5200      5198
 87.5400      5256
 87.5600      5256
 87.5800      5170
 87.6000      5314
 87.6200      5213
 87.6400      5285
 87.6600      5271
 87.6800      5300
 87.7000      5344
 87.7200      5170
 87.7400      5373
 87.7600      5432
 87.7800      5388
 87.8000      5271
 87.8200      5344
 87.8400      5329
 87.8600      5432
 87.8800      5213
 87.9000      5358
 87.9200      5417
 87.9400      5256
 87.9600      5329
 87.9800      5358
 88.0000      5373
 88.0200      5388
 88.0400      5271
 88.0600      5300
 88.0800      5256
 88.1000      5184
 88.1200      5285
 88.1400      5314
 88.1600      5402
 88.1800      5432
 88.2000      5402
 88.2200      5373
 88.2400      5432
 88.2600      5373
 88.2800      5402
 88.3000      5358
 88.3200      5358
 88.3400      5476
 88.3600      5314
 88.3800      5329
 88.4000      5476
 88.4200      5417
 88.4400      5329
 88.4600      5476
 88.4800      5329
 88.5000      5358
 88.5200      5461
 88.5400      5506
 88.5600      5461
 88.5800      5417
 88.6000      5432
 88.6200      5432
 88.6400      5358
 88.6600      5373
 88.6800      5550
 88.7000      5476
 88.7200      5506
 88.7400      5446
 88.7600      5300
 88.7800      5446
 88.8000      5535
 88.8200      5520
 88.8400      5417
 88.8600      5520
 88.8800      5344
 88.9000      5610
 88.9200      5640
 88.9400      5595
 88.9600      5625
 88.9800      5520
 89.0000      5625
 89.0200      5580
 89.0400      5640
 89.0600      5746
 89.0800      5655
 89.1000      5670
 89.1200      5550
 89.1400      5700
 89.1600      5776
 89.1800      5806
 89.2000      5868
 89.2200      5806
 89.2400      5868
 89.2600      5868
 89.2800      6100
 89.3000      6037
 89.3200      6084
 89.3400      6194
 89.3600      5991
 89.3800      6115
 89.4000      6084
 89.4200      6273
 89.4400      6480
 89.4600      6368
 89.4800      6464
 89.5000      6642
 89.5200      6642
 89.5400      6806
 89.5600      6708
 89.5800      6956
 89.6000      7039
 89.6200      7090
 89.6400      7310
 89.6600      7465
 89.6800      7726
 89.7000      7639
 89.7200      7939
 89.7400      8046
 89.7600      8317
 89.7800      8538
 89.8000      8817
 89.8200      9197
 89.8400      9722
 89.8600      9860
 89.8800     10262
 89.9000     10547
 89.9200     11004
 89.9400     11385
 89.9600     11925
 89.9800     12499
 90.0000     12769
 90.0200     12882
 90.0400     13410
 90.0600     13712
 90.0800     13853
 90.1000     13877
 90.1200     13853
 90.1400     13830
 90.1600     13526
 90.1800     13340
 90.2000     13433
 90.2200     13225
 90.2400     12973
 90.2600     12589
 90.2800     12365
 90.3000     12078
 90.3200     11837
 90.3400     11428
 90.3600     11364
 90.3800     11004
 90.4000     10795
 90.4200     10630
 90.4400     10323
 90.4600      9980
 90.4800      9683
 90.5000      9274
 90.5200      8968
 90.5400      8761
 90.5600      8336
 90.5800      8208
 90.6000      7885
 90.6200      7621
 90.6400      7362
 90.6600      7191
 90.6800      7225
 90.7000      6939
 90.7200      7006
 90.7400      6691
 90.7600      6545
 90.7800      6448
 90.8000      6384
 90.8200      6400
 90.8400      6288
 90.8600      6131
 90.8800      6147
 90.9000      6100
 90.9200      5914
 90.9400      5991
 90.9600      5852
 90.9800      5914
 91.0000      5730
 91.0200      5837
 91.0400      5791
 91.0600      5883
 91.0800      5776
 91.1000      5746
 91.1200      5685
 91.1400      5535
 91.1600      5791
 91.1800      5700
 91.2000      5550
 91.2200      5595
 91.2400      5550
 91.2600      5715
 91.2800      5595
 91.3000      5580
 91.3200      5520
 91.3400      5476
 91.3600      5491
 91.3800      5491
 91.4000      5580
 91.4200      5476
 91.4400      5446
 91.4600      5506
 91.4800      5535
 91.5000      5446
 91.5200      5417
 91.5400      5461
 91.5600      5373
 91.5800      5461
 91.6000      5329
 91.6200      5461
 91.6400      5565
 91.6600      5344
 91.6800      5402
 91.7000      5417
 91.7200      5285
 91.7400      5417
 91.7600      5446
 91.7800      5402
 91.8000      5300
 91.8200      5344
 91.8400      5417
 91.8600      5417
 91.8800      5358
 91.9000      5506
 91.9200      5300
 91.9400      5446
 91.9600      5446
 91.9800      5329
 92.0000      5358
 92.0200      5373
 92.0400      5417
 92.0600      5242
 92.0800      5373
 92.1000      5476
 92.1200      5373
 92.1400      5256
 92.1600      5388
 92.1800      5300
 92.2000      5314
 92.2200      5446
 92.2400      5476
 92.2600      5417
 92.2800      5402
 92.3000      5565
 92.3200      5358
 92.3400      5300
 92.3600      5446
 92.3800      5344
 92.4000      5358
 92.4200      5373
 92.4400      5417
 92.4600      5271
 92.4800      5402
 92.5000      5300
 92.5200      5314
 92.5400      5476
 92.5600      5314
 92.5800      5314
 92.6000      5402
 92.6200      5417
 92.6400      5402
 92.6600      5300
 92.6800      5402
 92.7000      5373
 92.7200      5271
 92.7400      5446
 92.7600      5344
 92.7800      5300
 92.8000      5388
 92.8200      5402
 92.8400      5417
 92.8600      5417
 92.8800      5402
 92.9000      5256
 92.9200      5432
 92.9400      5388
 92.9600      5373
 92.9800      5198
 93.0000      5446
 93.0200      5476
 93.0400      5170
 93.0600      5373
 93.0800      5155
 93.1000      5213
 93.1200      5314
 93.1400      5373
 93.1600      5461
 93.1800      5358
 93.2000      5358
 93.2200      5242
 93.2400      5446
 93.2600      5402
 93.2800      5461
 93.3000      5242
 93.3200      5402
 93.3400      5329
 93.3600      5344
 93.3800      5329
 93.4000      5358
 93.4200      5271
 93.4400      5373
 93.4600      5344
 93.4800      5155
 93.5000      5373
 93.5200      5314
 93.5400      5432
 93.5600      5358
 93.5800      5300
 93.6000      5314
 93.6200      5285
 93.6400      5358
 93.6600      5417
 93.6800      5373
 93.7000      5329
 93.7200      5271
 93.7400      5402
 93.7600      5314
 93.7800      5271
 93.8000      5358
 93.8200      5358
 93.8400      5314
 93.8600      5388
 93.8800      5446
 93.9000      5417
 93.9200      5344
 93.9400      5446
 93.9600      5314
 93.9800      5300
 94.0000      5344
 94.0200      5358
 94.0400      5476
 94.0600      5314
 94.0800      5300
 94.1000      5300
 94.1200      5271
 94.1400      5344
 94.1600      5373
 94.1800      5358
 94.2000      5285
 94.2200      5256
 94.2400      5373
 94.2600      5344
 94.2800      5461
 94.3000      5242
 94.3200      5329
 94.3400      5506
 94.3600      5285
 94.3800      5285
 94.4000      5329
 94.4200      5373
 94.4400      5476
 94.4600      5373
 94.4800      5388
 94.5000      5446
 94.5200      5314
 94.5400      5417
 94.5600      5388
 94.5800      5358
 94.6000      5358
 94.6200      5314
 94.6400      5432
 94.6600      5432
 94.6800      5358
 94.7000      5285
 94.7200      5461
 94.7400      5256
 94.7600      5491
 94.7800      5461
 94.8000      5242
 94.8200      5446
 94.8400      5373
 94.8600      5417
 94.8800      5358
 94.9000      5640
 94.9200      5685
 94.9400      5491
 94.9600      5491
 94.9800      5550
 95.0000      5550
 95.0200      5417
 95.0400      5610
 95.0600      5491
 95.0800      5432
 95.1000      5761
 95.1200      5610
 95.1400      5883
 95.1600      5791
 95.1800      5852
 95.2000      6115
 95.2200      6006
 95.2400      5914
 95.2600      6115
 95.2800      6225
 95.3000      6147
 95.3200      6006
 95.3400      6162
 95.3600      6053
 95.3800      5898
 95.4000      5975
 95.4200      5960
 95.4400      5883
 95.4600      5975
 95.4800      5929
 95.5000      5914
 95.5200      5822
 95.5400      5655
 95.5600      5791
 95.5800      5914
 95.6000      5898
 95.6200      5822
 95.6400      5700
 95.6600      5806
 95.6800      5715
 95.7000      5655
 95.7200      5640
 95.7400      5730
 95.7600      5580
 95.7800      5625
 95.8000      5506
 95.8200      5550
 95.8400      5461
 95.8600      5520
 95.8800      5446
 95.9000      5271
 95.9200      5432
 95.9400      5402
 95.9600      5402
 95.9800      5402
 96.0000      5491
 96.0200      5402
 96.0400      5271
 96.0600      5388
 96.0800      5491
 96.1000      5388
 96.1200      5141
 96.1400      5461
 96.1600      5285
 96.1800      5300
 96.2000      5285
 96.2200      5358
 96.2400      5344
 96.2600      5432
 96.2800      5373
 96.3000      5256
 96.3200      5388
 96.3400      5314
 96.3600      5417
 96.3800      5446
 96.4000      5417
 96.4200      5300
 96.4400      5344
 96.4600      5402
 96.4800      5402
 96.5000      5446
 96.5200      5329
 96.5400      5461
 96.5600      5402
 96.5800      5358
 96.6000      5314
 96.6200      5344
 96.6400      5300
 96.6600      5285
 96.6800      5358
 96.7000      5227
 96.7200      5213
 96.7400      5271
 96.7600      5285
 96.7800      5329
 96.8000      5388
 96.8200      5184
 96.8400      5198
 96.8600      5314
 96.8800      5285
 96.9000      5388
 96.9200      5461
 96.9400      5388
 96.9600      5344
 96.9800      5329
 97.0000      5329
 97.0200      5476
 97.0400      5432
 97.0600      5358
 97.0800      5271
 97.1000      5198
 97.1200      5373
 97.1400      5373
 97.1600      5198
 97.1800      5300
 97.2000      5285
 97.2200      5417
 97.2400      5242
 97.2600      5300
 97.2800      5344
 97.3000      5227
 97.3200      5432
 97.3400      5198
 97.3600      5344
 97.3800      5285
 97.4000      5329
 97.4200      5285
 97.4400      5271
 97.4600      5358
 97.4800      5227
 97.5000      5242
 97.5200      5417
 97.5400      5402
 97.5600      5388
 97.5800      5388
 97.6000      5271
 97.6200      5256
 97.6400      5285
 97.6600      5285
 97.6800      5256
 97.7000      5300
 97.7200      5506
 97.7400      5344
 97.7600      5285
 97.7800      5402
 97.8000      5344
 97.8200      5417
 97.8400      5344
 97.8600      5388
 97.8800      5417
 97.9000      5213
 97.9200      5314
 97.9400      5625
 97.9600      5256
 97.9800      5256
 98.0000      5358
 98.0200      5314
 98.0400      5402
 98.0600      5373
 98.0800      5285
 98.1000      5271
 98.1200      5271
 98.1400      5402
 98.1600      5242
 98.1800      5388
 98.2000      5300
 98.2200      5344
 98.2400      5213
 98.2600      5388
 98.2800      5300
 98.3000      5446
 98.3200      5388
 98.3400      5373
 98.3600      5314
 98.3800      5476
 98.4000      5300
 98.4200      5402
 98.4400      5314
 98.4600      5402
 98.4800      5402
 98.5000      5432
 98.5200      5402
 98.5400      5388
 98.5600      5344
 98.5800      5285
 98.6000      5314
 98.6200      5417
 98.6400      5491
 98.6600      5358
 98.6800      5314
 98.7000      5344
 98.7200      5300
 98.7400      5491
 98.7600      5344
 98.7800      5314
 98.8000      5358
 98.8200      5213
 98.8400      5213
 98.8600      5256
 98.8800      5300
 98.9000      5314
 98.9200      5461
 98.9400      5271
 98.9600      5344
 98.9800      5388
 99.0000      5388
 99.0200      5300
 99.0400      5358
 99.0600      5432
 99.0800      5329
 99.1000      5314
 99.1200      5300
 99.1400      5184
 99.1600      5344
 99.1800      5314
 99.2000      5285
 99.2200      5227
 99.2400      5388
 99.2600      5358
 99.2800      5446
 99.3000      5373
 99.3200      5329
 99.3400      5358
 99.3600      5373
 99.3800      5402
 99.4000      5358
 99.4200      5285
 99.4400      5373
 99.4600      5271
 99.4800      5358
 99.5000      5329
 99.5200      5388
 99.5400      5344
 99.5600      5476
 99.5800      5358
 99.6000      5402
 99.6200      5300
 99.6400      5300
 99.6600      5300
 99.6800      5242
 99.7000      5285
 99.7200      5271
 99.7400      5417
 99.7600      5227
 99.7800      5506
 99.8000      5373
 99.8200      5242
 99.8400      5402
 99.8600      5402
 99.8800      5520
 99.9000      5358
 99.9200      5388
 99.9400      5358
 99.9600      5373
 99.9800      5256
100.0000      5285
100.0200      5344
100.0400      5388
100.0600      5314
100.0800      5402
100.1000      5432
100.1200      5300
100.1400      5388
100.1600      5344
100.1800      5344
100.2000      5402
100.2200      5344
100.2400      5227
100.2600      5314
100.2800      5491
100.3000      5344
100.3200      5300
100.3400      5432
100.3600      5285
100.3800      5256
100.4000      5271
100.4200      5227
100.4400      5314
100.4600      5476
100.4800      5358
100.5000      5446
100.5200      5271
100.5400      5329
100.5600      5432
100.5800      5373
100.6000      5506
100.6200      5446
100.6400      5446
100.6600      5314
100.6800      5300
100.7000      5417
100.7200      5373
100.7400      5446
100.7600      5300
100.7800      5417
100.8000      5285
100.8200      5184
100.8400      5432
100.8600      5535
100.8800      5213
100.9000      5300
100.9200      5213
100.9400      5344
100.9600      5213
100.9800      5300
101.0000      5358
101.0200      5242
101.0400      5402
101.0600      5344
101.0800      5358
101.1000      5358
101.1200      5388
101.1400      5432
101.1600      5388
101.1800      5461
101.2000      5373
101.2200      5242
101.2400      5344
101.2600      5476
101.2800      5285
101.3000      5329
101.3200      5344
101.3400      5314
101.3600      5314
101.3800      5300
101.4000      5198
101.4200      5329
101.4400      5344
101.4600      5329
101.4800      5314
101.5000      5300
101.5200      5314
101.5400      5476
101.5600      5314
101.5800      5373
101.6000      5402
101.6200      5388
101.6400      5300
101.6600      5506
101.6800      5461
101.7000      5461
101.7200      5344
101.7400      5432
101.7600      5358
101.7800      5461
101.8000      5358
101.8200      5402
101.8400      5446
101.8600      5402
101.8800      5402
101.9000      5314
101.9200      5446
101.9400      5432
101.9600      5446
101.9800      5314
102.0000      5506
102.0200      5417
102.0400      5446
102.0600      5461
102.0800      5256
102.1000      5344
102.1200      5314
102.1400      5329
102.1600      5358
102.1800      5285
102.2000      5373
102.2200      5242
102.2400      5402
102.2600      5417
102.2800      5314
102.3000      5446
102.3200      5388
102.3400      5256
102.3600      5388
102.3800      5432
102.4000      5358
102.4200      5432
102.4400      5300
102.4600      5417
102.4800      5300
102.5000      5358
102.5200      5300
102.5400      5373
102.5600      5358
102.5800      5506
102.6000      5271
102.6200      5388
102.6400      5417
102.6600      5373
102.6800      5402
102.7000      5373
102.7200      5314
102.7400      5417
102.7600      5388
102.7800      5242
102.8000      5242
102.8200      5314
102.8400      5388
102.8600      5550
102.8800      5285
102.9000      5300
102.9200      5285
102.9400      5329
102.9600      5506
102.9800      5314
103.0000      5271
103.0200      5402
103.0400      5344
103.0600      5373
103.0800      5329
103.1000      5373
103.1200      5402
103.1400      5446
103.1600      5271
103.1800      5417
103.2000      5491
103.2200      5227
103.2400      5300
103.2600      5520
103.2800      5402
103.3000      5476
103.3200      5344
103.3400      5329
103.3600      5329
103.3800      5271
103.4000      5314
103.4200      5329
103.4400      5373
103.4600      5402
103.4800      5271
103.5000      5446
103.5200      5417
103.5400      5358
103.5600      5461
103.5800      5344
103.6000      5300
103.6200      5446
103.6400      5417
103.6600      5329
103.6800      5402
103.7000      5461
103.7200      5476
103.7400      5314
103.7600      5358
103.7800      5344
103.8000      5388
103.8200      5432
103.8400      5344
103.8600      5213
103.8800      5344
103.9000      5358
103.9200      5476
103.9400      5461
103.9600      5329
103.9800      5344
104.0000      5402
104.0200      5358
104.0400      5300
104.0600      5358
104.0800      5520
104.1000      5373
104.1200      5402
104.1400      5314
104.1600      5402
104.1800      5402
104.2000      5344
104.2200      5373
104.2400      5329
104.2600      5344
104.2800      5358
104.3000      5476
104.3200      5402
104.3400      5373
104.3600      5388
104.3800      5491
104.4000      5446
104.4200      5344
104.4400      5227
104.4600      5329
104.4800      5314
104.5000      5373
104.5200      5476
104.5400      5388
104.5600      5373
104.5800      5388
104.6000      5402
104.6200      5388
104.6400      5535
104.6600      5358
104.6800      5344
104.7000      5358
104.7200      5358
104.7400      5402
104.7600      5285
104.7800      5358
104.8000      5402
104.8200      5402
104.8400      5417
104.8600      5314
104.8800      5417
104.9000      5314
104.9200      5402
104.9400      5256
104.9600      5358
104.9800      5388
105.0000      5506
105.0200      5300
105.0400      5329
105.0600      5550
105.0800      5373
105.1000      5432
105.1200      5446
105.1400      5358
105.1600      5344
105.1800      5271
105.2000      5432
105.2200      5256
105.2400      5329
105.2600      5373
105.2800      5461
105.3000      5388
105.3200      5358
105.3400      5402
105.3600      5417
105.3800      5314
105.4000      5314
105.4200      5388
105.4400      5256
105.4600      5314
105.4800      5314
105.5000      5432
105.5200      5358
105.5400      5417
105.5600      5491
105.5800      5271
105.6000      5417
105.6200      5432
105.6400      5329
105.6600      5285
105.6800      5344
105.7000      5402
105.7200      5446
105.7400      5314
105.7600      5417
105.7800      5491
105.8000      5373
105.8200      5300
105.8400      5461
105.8600      5461
105.8800      5285
105.9000      5402
105.9200      5300
105.9400      5461
105.9600      5446
105.9800      5388
106.0000      5314
106.0200      5358
106.0400      5314
106.0600      5344
106.0800      5285
106.1000      5402
106.1200      5432
106.1400      5285
106.1600      5344
106.1800      5476
106.2000      5461
106.2200      5242
106.2400      5491
106.2600      5402
106.2800      5358
106.3000      5461
106.3200      5417
106.3400      5550
106.3600      5476
106.3800      5461
106.4000      5402
106.4200      5373
106.4400      5432
106.4600      5535
106.4800      5300
106.5000      5300
106.5200      5417
106.5400      5476
106.5600      5432
106.5800      5417
106.6000      5402
106.6200      5358
106.6400      5491
106.6600      5402
106.6800      5446
106.7000      5285
106.7200      5432
106.7400      5417
106.7600      5344
106.7800      5461
106.8000      5344
106.8200      5432
106.8400      5373
106.8600      5358
106.8800      5506
106.9000      5256
106.9200      5417
106.9400      5491
106.9600      5417
106.9800      5461
107.0000      5461
107.0200      5417
107.0400      5491
107.0600      5285
107.0800      5329
107.1000      5388
107.1200      5432
107.1400      5402
107.1600      5358
107.1800      5344
107.2000      5388
107.2200      5417
107.2400      5432
107.2600      5358
107.2800      5358
107.3000      5476
107.3200      5491
107.3400      5476
107.3600      5432
107.3800      5329
107.4000      5373
107.4200      5402
107.4400      5417
107.4600      5402
107.4800      5358
107.5000      5535
107.5200      5358
107.5400      5535
107.5600      5432
107.5800      5417
107.6000      5506
107.6200      5344
107.6400      5446
107.6600      5329
107.6800      5388
107.7000      5476
107.7200      5314
107.7400      5476
107.7600      5446
107.7800      5506
107.8000      5314
107.8200      5461
107.8400      5476
107.8600      5314
107.8800      5476
107.9000      5491
107.9200      5432
107.9400      5446
107.9600      5432
107.9800      5432
108.0000      5446
108.0200      5373
108.0400      5476
108.0600      5358
108.0800      5358
108.1000      5358
108.1200      5476
108.1400      5446
108.1600      5344
108.1800      5358
108.2000      5565
108.2200      5417
108.2400      5373
108.2600      5388
108.2800      5432
108.3000      5506
108.3200      5329
108.3400      5461
108.3600      5580
108.3800      5506
108.4000      5402
108.4200      5535
108.4400      5373
108.4600      5358
108.4800      5344
108.5000      5432
108.5200      5344
108.5400      5417
108.5600      5184
108.5800      5580
108.6000      5476
108.6200      5417
108.6400      5402
108.6600      5227
108.6800      5344
108.7000      5535
108.7200      5506
108.7400      5506
108.7600      5565
108.7800      5402
108.8000      5595
108.8200      5446
108.8400      5491
108.8600      5417
108.8800      5402
108.9000      5476
108.9200      5432
108.9400      5476
108.9600      5213
108.9800      5329
109.0000      5402
109.0200      5446
109.0400      5476
109.0600      5358
109.0800      5242
109.1000      5213
109.1200      5446
109.1400      5491
109.1600      5432
109.1800      5373
109.2000      5373
109.2200      5344
109.2400      5446
109.2600      5373
109.2800      5461
109.3000      5388
109.3200      5446
109.3400      5358
109.3600      5520
109.3800      5358
109.4000      5476
109.4200      5388
109.4400      5300
109.4600      5520
109.4800      5535
109.5000      5388
109.5200      5402
109.5400      5446
109.5600      5506
109.5800      5446
109.6000      5373
109.6200      5461
109.6400      5329
109.6600      5344
109.6800      5432
109.7000      5565
109.7200      5580
109.7400      5535
109.7600      5329
109.7800      5506
109.8000      5344
109.8200      5432
109.8400      5329
109.8600      5432
109.8800      5373
109.9000      5520
109.9200      5476
109.9400      5314
109.9600      5344
109.9800      5314
110.0000      5358
110.0200      5432
110.0400      5506
110.0600      5329
110.0800      5358
110.1000      5446
110.1200      5461
110.1400      5476
110.1600      5476
110.1800      5535
110.2000      5506
110.2200      5373
110.2400      5402
110.2600      5461
110.2800      5373
110.3000      5388
110.3200      5446
110.3400      5491
110.3600      5432
110.3800      5446
110.4000      5344
110.4200      5446
110.4400      5491
110.4600      5402
110.4800      5446
110.5000      5344
110.5200      5580
110.5400      5373
110.5600      5446
110.5800      5446
110.6000      5402
110.6200      5446
110.6400      5476
110.6600      5432
110.6800      5417
110.7000      5625
110.7200      5476
110.7400      5535
110.7600      5402
110.7800      5344
110.8000      5476
110.8200      5461
110.8400      5476
110.8600      5461
110.8800      5358
110.9000      5535
110.9200      5550
110.9400      5417
110.9600      5344
110.9800      5446
111.0000      5491
111.0200      5476
111.0400      5358
111.0600      5402
111.0800      5520
111.1000      5402
111.1200      5358
111.1400      5520
111.1600      5491
111.1800      5432
111.2000      5550
111.2200      5461
111.2400      5461
111.2600      5506
111.2800      5476
111.3000      5446
111.3200      5432
111.3400      5417
111.3600      5550
111.3800      5476
111.4000      5506
111.4200      5610
111.4400      5461
111.4600      5388
111.4800      5432
111.5000      5670
111.5200      5373
111.5400      5432
111.5600      5461
111.5800      5388
111.6000      5432
111.6200      5580
111.6400      5520
111.6600      5388
111.6800      5432
111.7000      5402
111.7200      5476
111.7400      5402
111.7600      5432
111.7800      5550
111.8000      5388
111.8200      5329
111.8400      5535
111.8600      5358
111.8800      5446
111.9000      5446
111.9200      5491
111.9400      5271
111.9600      5476
111.9800      5417
112.0000      5417
112.0200      5491
112.0400      5565
112.0600      5506
112.0800      5506
112.1000      5461
112.1200      5535
112.1400      5432
112.1600      5329
112.1800      5461
112.2000      5388
112.2200      5535
112.2400      5550
112.2600      5550
112.2800      5461
112.3000      5329
112.3200      5461
112.3400      5461
112.3600      5520
112.3800      5432
112.4000      5595
112.4200      5550
112.4400      5580
112.4600      5580
112.4800      5461
112.5000      5550
112.5200      5535
112.5400      5565
112.5600      5535
112.5800      5461
112.6000      5550
112.6200      5491
112.6400      5625
112.6600      5476
112.6800      5417
112.7000      5432
112.7200      5491
112.7400      5506
112.7600      5402
112.7800      5520
112.8000      5506
112.8200      5461
112.8400      5520
112.8600      5535
112.8800      5506
112.9000      5565
112.9200      5432
112.9400      5550
112.9600      5432
112.9800      5491
113.0000      5746
113.0200      5506
113.0400      5491
113.0600      5580
113.0800      5506
113.1000      5491
113.1200      5373
113.1400      5491
113.1600      5358
113.1800      5491
113.2000      5373
113.2200      5520
113.2400      5388
113.2600      5506
113.2800      5461
113.3000      5476
113.3200      5506
113.3400      5402
113.3600      5373
113.3800      5595
113.4000      5565
113.4200      5476
113.4400      5580
113.4600      5506
113.4800      5432
113.5000      5491
113.5200      5506
113.5400      5402
113.5600      5446
113.5800      5402
113.6000      5461
113.6200      5491
113.6400      5506
113.6600      5595
113.6800      5432
113.7000      5595
113.7200      5565
113.7400      5461
113.7600      5535
113.7800      5535
113.8000      5314
113.8200      5373
113.8400      5402
113.8600      5476
113.8800      5535
113.9000      5565
113.9200      5610
113.9400      5535
113.9600      5388
113.9800      5595
114.0000      5610
114.0200      5402
114.0400      5520
114.0600      5476
114.0800      5476
114.1000      5446
114.1200      5535
114.1400      5610
114.1600      5610
114.1800      5417
114.2000      5461
114.2200      5461
114.2400      5461
114.2600      5520
114.2800      5640
114.3000      5446
114.3200      5432
114.3400      5580
114.3600      5506
114.3800      5432
114.4000      5520
114.4200      5476
114.4400      5476
114.4600      5506
114.4800      5491
114.5000      5580
114.5200      5655
114.5400      5461
114.5600      5461
114.5800      5461
114.6000      5491
114.6200      5595
114.6400      5417
114.6600      5373
114.6800      5520
114.7000      5506
114.7200      5461
114.7400      5432
114.7600      5491
114.7800      5432
114.8000      5446
114.8200      5506
114.8400      5402
114.8600      5550
114.8800      5461
114.9000      5506
114.9200      5506
114.9400      5506
114.9600      5491
114.9800      5595
115.0000      5535
115.0200      5655
115.0400      5491
115.0600      5491
115.0800      5446
115.1000      5461
115.1200      5520
115.1400      5446
115.1600      5446
115.1800      5461
115.2000      5535
115.2200      5550
115.2400      5610
115.2600      5550
115.2800      5610
115.3000      5520
115.3200      5432
115.3400      5417
115.3600      5491
115.3800      5491
115.4000      5535
115.4200      5580
115.4400      5625
115.4600      5417
115.4800      5565
115.5000      5595
115.5200      5520
115.5400      5535
115.5600      5655
115.5800      5580
115.6000      5746
115.6200      5580
115.6400      5625
115.6600      5520
115.6800      5655
115.7000      5476
115.7200      5535
115.7400      5461
115.7600      5625
115.7800      5550
115.8000      5595
115.8200      5610
115.8400      5506
115.8600      5595
115.8800      5670
115.9000      5610
115.9200      5610
115.9400      5670
115.9600      5610
115.9800      5700
116.0000      5476
116.0200      5625
116.0400      5550
116.0600      5520
116.0800      5670
116.1000      5670
116.1200      5565
116.1400      5565
116.1600      5655
116.1800      5595
116.2000      5700
116.2200      5685
116.2400      5535
116.2600      5700
116.2800      5580
116.3000      5776
116.3200      5640
116.3400      5761
116.3600      5852
116.3800      5715
116.4000      5715
116.4200      5700
116.4400      5655
116.4600      5700
116.4800      5715
116.5000      5746
116.5200      5595
116.5400      5776
116.5600      5610
116.5800      5791
116.6000      5991
116.6200      5730
116.6400      5991
116.6600      5868
116.6800      5806
116.7000      5883
116.7200      5929
116.7400      5960
116.7600      6068
116.7800      5975
116.8000      6084
116.8200      5898
116.8400      5883
116.8600      6053
116.8800      5975
116.9000      6068
116.9200      6100
116.9400      6084
116.9600      6115
116.9800      5975
117.0000      6100
117.0200      6037
117.0400      6100
117.0600      6037
117.0800      6162
117.1000      6084
117.1200      6115
117.1400      6131
117.1600      6022
117.1800      6162
117.2000      6115
117.2200      6037
117.2400      6115
117.2600      6068
117.2800      5991
117.3000      6037
117.3200      6037
117.3400      6084
117.3600      6022
117.3800      6100
117.4000      6178
117.4200      5868
117.4400      6006
117.4600      6006
117.4800      5883
117.5000      5929
117.5200      5944
117.5400      6022
117.5600      5960
117.5800      5929
117.6000      5929
117.6200      5837
117.6400      5944
117.6600      5868
117.6800      5883
117.7000      5898
117.7200      5822
117.7400      5761
117.7600      5960
117.7800      5730
117.8000      5730
117.8200      5746
117.8400      5806
117.8600      5730
117.8800      5670
117.9000      5580
117.9200      5595
117.9400      5640
117.9600      5670
117.9800      5975
118.0000      5806
118.0200      5625
118.0400      5670
118.0600      5655
118.0800      5655
118.1000      5595
118.1200      5550
118.1400      5625
118.1600      5685
118.1800      5730
118.2000      5715
118.2200      5685
118.2400      5655
118.2600      5685
118.2800      5580
118.3000      5580
118.3200      5700
118.3400      5685
118.3600      5550
118.3800      5461
118.4000      5625
118.4200      5791
118.4400      5595
118.4600      5670
118.4800      5625
118.5000      5506
118.5200      5625
118.5400      5746
118.5600      5580
118.5800      5565
118.6000      5520
118.6200      5595
118.6400      5640
118.6600      5506
118.6800      5625
118.7000      5580
118.7200      5670
118.7400      5550
118.7600      5640
118.7800      5640
118.8000      5580
118.8200      5595
118.8400      5655
118.8600      5640
118.8800      5610
118.9000      5761
118.9200      5761
118.9400      5640
118.9600      5565
118.9800      5730
119.0000      5610
119.0200      5491
119.0400      5625
119.0600      5806
119.0800      5700
119.1000      5640
119.1200      5640
119.1400      5580
119.1600      5640
119.1800      5580
119.2000      5595
119.2200      5595
119.2400      5655
119.2600      5550
119.2800      5595
119.3000      5491
119.3200      5670
119.3400      5580
119.3600      5535
119.3800      5610
119.4000      5625
119.4200      5670
119.4400      5520
119.4600      5640
119.4800      5476
119.5000      5640
119.5200      5535
119.5400      5610
119.5600      5595
119.5800      5625
119.6000      5700
119.6200      5550
119.6400      5746
119.6600      5640
119.6800      5715
119.7000      5610
119.7200      5685
119.7400      5640
119.7600      5580
119.7800      5595
119.8000      5776
119.8200      5476
119.8400      5670
119.8600      5655
119.8800      5520
119.9000      5565
119.9200      5610
119.9400      5595
119.9600      5580
119.9800      5520
120.0000      5610
120.0200      5655
120.0400      5610
120.0600      5520
120.0800      5640
120.1000      5670
120.1200      5685
120.1400      5580
120.1600      5625
120.1800      5655
120.2000      5535
120.2200      5491
120.2400      5685
120.2600      5580
120.2800      5640
120.3000      5700
120.3200      5565
120.3400      5610
120.3600      5640
120.3800      5715
120.4000      5640
120.4200      5461
120.4400      5476
120.4600      5580
120.4800      5761
120.5000      5610
120.5200      5461
120.5400      5446
120.5600      5625
120.5800      5520
120.6000      5550
120.6200      5625
120.6400      5565
120.6600      5625
120.6800      5565
120.7000      5446
120.7200      5655
120.7400      5595
120.7600      5535
120.7800      5670
120.8000      5655
120.8200      5670
120.8400      5550
120.8600      5491
120.8800      5580
120.9000      5520
120.9200      5580
120.9400      5700
120.9600      5580
120.9800      5715
121.0000      5655
121.0200      5506
121.0400      5730
121.0600      5685
121.0800      5715
121.1000      5580
121.1200      5655
121.1400      5595
121.1600      5625
121.1800      5761
121.2000      5655
121.2200      5655
121.2400      5746
121.2600      5565
121.2800      5715
121.3000      5580
121.3200      5550
121.3400      5491
121.3600      5625
121.3800      5700
121.4000      5446
121.4200      5715
121.4400      5670
121.4600      5595
121.4800      5580
121.5000      5373
121.5200      5700
121.5400      5655
121.5600      5670
121.5800      5610
121.6000      5625
121.6200      5625
121.6400      5640
121.6600      5715
121.6800      5640
121.7000      5520
121.7200      5670
121.7400      5595
121.7600      5670
121.7800      5640
121.8000      5640
121.8200      5550
121.8400      5595
121.8600      5595
121.8800      5565
121.9000      5670
121.9200      5625
121.9400      5761
121.9600      5491
121.9800      5506
122.0000      5761
122.0200      5670
122.0400      5610
122.0600      5685
122.0800      5791
122.1000      5700
122.1200      5491
122.1400      5715
122.1600      5670
122.1800      5700
122.2000      5761
122.2200      5685
122.2400      5746
122.2600      5565
122.2800      5640
122.3000      5670
122.3200      5655
122.3400      5746
122.3600      5506
122.3800      5535
122.4000      5580
122.4200      5655
122.4400      5625
122.4600      5640
122.4800      5655
122.5000      5655
122.5200      5685
122.5400      5610
122.5600      5670
122.5800      5580
122.6000      5655
122.6200      5625
122.6400      5580
122.6600      5550
122.6800      5610
122.7000      5580
122.7200      5625
122.7400      5640
122.7600      5625
122.7800      5625
122.8000      5655
122.8200      5640
122.8400      5730
122.8600      5700
122.8800      5520
122.9000      5715
122.9200      5670
122.9400      5520
122.9600      5610
122.9800      5670
123.0000      5625
123.0200      5610
123.0400      5625
123.0600      5595
123.0800      5580
123.1000      5610
123.1200      5640
123.1400      5670
123.1600      5685
123.1800      5700
123.2000      5580
123.2200      5761
123.2400      5520
123.2600      5595
123.2800      5535
123.3000      5506
123.3200      5715
123.3400      5550
123.3600      5700
123.3800      5432
123.4000      5776
123.4200      5685
123.4400      5610
123.4600      5685
123.4800      5685
123.5000      5685
123.5200      5715
123.5400      5565
123.5600      5730
123.5800      5670
123.6000      5640
123.6200      5761
123.6400      5640
123.6600      5610
123.6800      5670
123.7000      5685
123.7200      5655
123.7400      5595
123.7600      5625
123.7800      5610
123.8000      5580
123.8200      5640
123.8400      5670
123.8600      5580
123.8800      5791
123.9000      5535
123.9200      5610
123.9400      5595
123.9600      5550
123.9800      5685
124.0000      5655
124.0200      5550
124.0400      5670
124.0600      5670
124.0800      5610
124.1000      5580
124.1200      5700
124.1400      5610
124.1600      5700
124.1800      5610
124.2000      5580
124.2200      5700
124.2400      5506
124.2600      5565
124.2800      5610
124.3000      5640
124.3200      5670
124.3400      5670
124.3600      5535
124.3800      5730
124.4000      5625
124.4200      5610
124.4400      5730
124.4600      5565
124.4800      5655
124.5000      5580
124.5200      5685
124.5400      5761
124.5600      5685
124.5800      5715
124.6000      5700
124.6200      5883
124.6400      5670
124.6600      5640
124.6800      5640
124.7000      5595
124.7200      5685
124.7400      5730
124.7600      5580
124.7800      5715
124.8000      5837
124.8200      5655
124.8400      5610
124.8600      5610
124.8800      5761
124.9000      5640
124.9200      5625
124.9400      5670
124.9600      5655
124.9800      5746
125.0000      5670
