0
0
0
0
0
0
0
0
0
0
0
0
0
0
0
0
0
3
16
12
7
14
11
14
21
14
15
13
17
22
20
17
20
19
13
24
11
22
16
25
20
12
12
15
22
29
29
32
27
20
12
7
2
2
1
1
1
2
0
2
0
0
0
0
1
0
0
0
0
0
0
1
0
0
1
0
0
1
1
1
0
0
1
0
0
0
0
0
0
0
0
0
0
0
1
0
2
0
0
0
0
0
0
0
2
0
0
0
0
0
0
0
0
0
0
0
0
1
0
0
0
0
0
0
0
0
1
0
0
0
0
0
0
0
0
0
0
0
1
0
0
0
0
0
0
0
0
0
0
0
0
0
0
0
0
0
0
1
0
0
0
0
0
1
0
0
0
0
0
0
0
0
0
0
0
0
0
0
0
0
0
0
0
0
0
0
0
0
0
0
0
0
0
0
0
0
0
0
0
0
0
0
0
1
0
0
0
0
0
0
0
0
0
0
0
0
0
0
0
0
0
0
0
0
0
0
0
0
0
0
0
0
0
0
0
0
0
0
0
0
0
0
0
0
0
0
0
0
0
0
0
0
0
0
0
0