0
0
0
0
0
0
0
0
0
0
0
0
0
0
0
0
0
12
15
20
14
18
18
13
25
19
12
16
16
21
18
28
30
21
25
32
29
30
25
22
20
14
10
15
9
17
6
7
1
5
7
3
8
4
3
2
3
3
3
4
3
3
1
3
2
4
0
3
7
4
9
15
17
17
20
21
18
12
17
7
12
3
3
1
0
0
1
0
0
0
0
0
0
0
1
0
1
0
0
1
1
0
0
0
0
0
0
0
0
0
0
0
0
2
0
0
0
0
0
0
0
0
0
0
0
0
0
0
0
0
0
0
0
0
0
0
0
0
0
0
0
0
0
0
0
0
0
0
0
0
0
0
0
0
0
0
0
0
0
0
0
0
0
0
1
2
0
0
0
0
0
0
0
0
0
0
0
0
1
0
0
0
0
0
0
0
0
0
0
0
0
0
1
1
0
0
0
0
0
0
0
0
0
0
0
0
0
0
1
0
0
0
0
0
0
0
0
0
0
0
0
0
0
0
0
0
0
0
0
0
0
0
0
0
0
1
0
0
0
0
0
0
0
0
0
0
0
0
0
0
0
0
0
0
0
0