2.500000000000000000e+01
5.500000000000000000e+01
4.274976260782730719e+01 1.703331114116107603e+00 1.381072639440147327e+02 1.811008116242546748e+02 -9.132332061089035169e-02
2.075522061068810764e-01 1.385362082979928189e-01 1.227056650179746455e+01 6.876882668087766604e+01 1.237868092391881947e-02

2.600000000000000000e+01
5.500000000000000000e+01
4.276857487195205465e+01 1.708562148521870494e+00 1.388525417178969406e+02 2.445773475484719768e+02 -9.892829246907453022e-02
1.952362387793602216e-01 1.313470183636080701e-01 1.171771146618594805e+01 1.011762742485859974e+02 1.329608152116090562e-02

2.700000000000000000e+01
5.500000000000000000e+01
4.278052246128969927e+01 1.712627467501521838e+00 1.394136929909272737e+02 3.010719557521849197e+02 -1.042332687694963594e-01
1.925009747730974385e-01 1.303875147711830440e-01 1.169428792481451396e+01 1.403652412370635432e+02 1.471824532813305678e-02

2.800000000000000000e+01
5.500000000000000000e+01
4.279210922186936727e+01 1.715977629965398377e+00 1.399011926747285486e+02 3.674805552022737061e+02 -1.093004321407840401e-01
1.918085553333913340e-01 1.307917901583058318e-01 1.179147539069817974e+01 1.950326463495461269e+02 1.645571994769474966e-02

2.900000000000000000e+01
5.500000000000000000e+01
4.280761992952643169e+01 1.719814375933183204e+00 1.405045913696178275e+02 4.812977681615316214e+02 -1.161412955473896114e-01
1.897819565512295636e-01 1.305747421784650142e-01 1.185786004727408738e+01 2.954240030283207261e+02 1.870597681279159707e-02

3.000000000000000000e+01
5.500000000000000000e+01
4.280565160685441128e+01 1.719672639131246905e+00 1.404640271417649728e+02 4.670677488270088134e+02 -1.153973273262160898e-01
1.950038906109997638e-01 1.338749702850050294e-01 1.215187054946714973e+01 3.169797996292712696e+02 2.020163233620025228e-02

3.100000000000000000e+01
5.500000000000000000e+01
4.282906199597827168e+01 1.717094041605591315e+00 1.405159044646415225e+02 6.309363290292366173e+02 -1.226210086396639365e-01
1.947029473624312668e-01 1.344406494479702396e-01 1.228447508561719026e+01 4.927997597894985233e+02 2.283972618044501079e-02

3.200000000000000000e+01
5.500000000000000000e+01
4.283998244432110170e+01 1.714880334852329824e+00 1.404363153905637489e+02 7.169374122014058912e+02 -1.256251692057946678e-01
2.001713152515261218e-01 1.378901070451141742e-01 1.263287219738807821e+01 6.344188311715631698e+02 2.533304497290610885e-02

3.300000000000000000e+01
5.500000000000000000e+01
4.285193291584820940e+01 1.710898447801005196e+00 1.401823905734692630e+02 8.060527446244061593e+02 -1.282577780321960403e-01
2.071320082949796859e-01 1.418577184434049732e-01 1.301436004959321657e+01 8.006909190575552202e+02 2.779574163858675520e-02

3.400000000000000000e+01
5.500000000000000000e+01
4.292090241042046017e+01 1.684342328217968143e+00 1.382864643048778817e+02 1.508367965253305556e+03 -1.419954829590235057e-01
2.045718759533473596e-01 1.405094797311098875e-01 1.297753164108898005e+01 1.694691114319103235e+03 3.087749978206716719e-02

3.500000000000000000e+01
5.500000000000000000e+01
4.292337244832555143e+01 1.683311351964344116e+00 1.382051819902890486e+02 1.540377100992601072e+03 -1.424439579214075435e-01
2.167851632756666869e-01 1.469394767754379494e-01 1.354181722158924472e+01 1.938504575045266165e+03 3.355918538867116302e-02

3.000000000000000000e+01
5.600000000000000000e+01
4.280714582243122379e+01 1.715461214361300835e+00 1.400420955478263068e+02 4.497308411839114228e+02 -1.142116928103896478e-01
1.906357696761443177e-01 1.274214264381709205e-01 1.153736623080991919e+01 2.725461098103918971e+02 1.786696135997050891e-02

3.000000000000000000e+01
5.700000000000000000e+01
4.280874252188890239e+01 1.710628837110810041e+00 1.395575054400656825e+02 4.305672166142719561e+02 -1.128515030654739099e-01
1.867665215468926054e-01 1.225255148198724914e-01 1.106511065656575177e+01 2.371767361716431424e+02 1.608518076692017074e-02

3.000000000000000000e+01
5.800000000000000000e+01
4.281027650812995233e+01 1.705572106429423140e+00 1.390497987581607049e+02 4.113005824483659012e+02 -1.114271597792566570e-01
1.833573239315661463e-01 1.186574932435482538e-01 1.068774358597764973e+01 2.087411675504446009e+02 1.467934798495317862e-02

3.000000000000000000e+01
5.900000000000000000e+01
4.281170986011348134e+01 1.700544825686786110e+00 1.385414278189774961e+02 3.927569630376260079e+02 -1.099980478735806816e-01
1.803670125176004835e-01 1.155222491633399046e-01 1.037862008775313249e+01 1.855480157139859614e+02 1.354101029662837206e-02

3.000000000000000000e+01
6.000000000000000000e+01
4.281298714022638308e+01 1.695634719359523812e+00 1.380426024496971138e+02 3.752410364358002539e+02 -1.085913632701761555e-01
1.777635960388875558e-01 1.129458617526435393e-01 1.012193869775824950e+01 1.664686998318672693e+02 1.260411528978012258e-02

3.000000000000000000e+01
5.400000000000000000e+01
4.280465991981132134e+01 1.722467078167923660e+00 1.407419802370764899e+02 4.788183937973016668e+02 -1.161783464528988730e-01
1.999143078021781428e-01 1.429608142693287176e-01 1.300431586421441210e+01 3.726089680114525891e+02 2.340602649899207327e-02

3.000000000000000000e+01
5.300000000000000000e+01
4.279664779242730077e+01 1.742372030178270137e+00 1.427399486865017479e+02 5.745779926457171314e+02 -1.219300273787243261e-01
2.009893920133651035e-01 1.501608944093963671e-01 1.382598645707545337e+01 5.318204803350754446e+02 2.819571759196675201e-02

3.000000000000000000e+01
5.200000000000000000e+01
4.278295857370479638e+01 1.769958516126949766e+00 1.456090899574800517e+02 7.609841971700413978e+02 -1.308310767016085674e-01
1.960545081965968939e-01 1.529156867209403858e-01 1.436211690805927965e+01 8.413242638923626373e+02 3.406896113680937810e-02

3.000000000000000000e+01
5.100000000000000000e+01
4.278612651819359058e+01 1.765081730997159815e+00 1.450265777431741867e+02 7.151904231407183943e+02 -1.288643666670961641e-01
2.024543756951885931e-01 1.717103159638038723e-01 1.647586623992646793e+01 9.763664732424780368e+02 4.227569387753640773e-02

3.000000000000000000e+01
5.000000000000000000e+01
4.281152154849162628e+01 1.738135445117424682e+00 1.407054729463812919e+02 4.438663279440889369e+02 -1.138280023136427899e-01
2.079250086216012372e-01 1.977309140826571665e-01 1.970705057495084489e+01 7.062376301514063925e+02 4.924447793353376596e-02

3.500000000000000000e+01
5.000000000000000000e+01
4.287084624072207362e+01 1.816245368434543428e+00 1.549863529781807472e+02 6.967796642130245164e+04 -2.507002289703901821e-01
3.075134446094249241e-01 2.804396322746054993e-01 3.808794229865669934e+01 9.342356403542339103e+05 3.782577814917113534e-01

2.500000000000000000e+01
6.000000000000000000e+01
4.274931557483418487e+01 1.704150339687656723e+00 1.381860531770972216e+02 1.817298044361610607e+02 -9.145509378432159497e-02
1.897936767422247761e-01 1.195232484628623443e-01 1.060921543375065212e+01 5.177663155590355615e+01 8.933940638523683170e-03