 30.0000      1697
 30.0250      1608
 30.0500      1640
 30.0750      1616
 30.1000      1731
 30.1250      1616
 30.1500      1697
 30.1750      1689
 30.2000      1624
 30.2250      1697
 30.2500      1731
 30.2750      1656
 30.3000      1764
 30.3250      1722
 30.3500      1858
 30.3750      1789
 30.4000      1945
 30.4250      1962
 30.4500      2043
 30.4750      2134
 30.5000      2275
 30.5250      2323
 30.5500      2500
 30.5750      2756
 30.6000      2981
 30.6250      3295
 30.6500      3376
 30.6750      3576
 30.7000      3612
 30.7250      3600
 30.7500      3434
 30.7750      3204
 30.8000      3025
 30.8250      2852
 30.8500      2500
 30.8750      2362
 30.9000      2190
 30.9250      2079
 30.9500      1927
 30.9750      1832
 31.0000      1789
 31.0250      1697
 31.0500      1689
 31.0750      1632
 31.1000      1632
 31.1250      1537
 31.1500      1592
 31.1750      1544
 31.2000      1498
 31.2250      1552
 31.2500      1521
 31.2750      1544
 31.3000      1537
 31.3250      1459
 31.3500      1429
 31.3750      1529
 31.4000      1444
 31.4250      1429
 31.4500      1421
 31.4750      1498
 31.5000      1529
 31.5250      1436
 31.5500      1391
 31.5750      1384
 31.6000      1475
 31.6250      1421
 31.6500      1444
 31.6750      1436
 31.7000      1444
 31.7250      1414
 31.7500      1429
 31.7750      1376
 31.8000      1444
 31.8250      1347
 31.8500      1399
 31.8750      1406
 31.9000      1391
 31.9250      1325
 31.9500      1340
 31.9750      1340
 32.0000      1347
 32.0250      1310
 32.0500      1421
 32.0750      1354
 32.1000      1376
 32.1250      1340
 32.1500      1354
 32.1750      1399
 32.2000      1340
 32.2250      1332
 32.2500      1347
 32.2750      1274
 32.3000      1421
 32.3250      1267
 32.3500      1354
 32.3750      1354
 32.4000      1303
 32.4250      1384
 32.4500      1325
 32.4750      1340
 32.5000      1239
 32.5250      1282
 32.5500      1310
 32.5750      1296
 32.6000      1310
 32.6250      1369
 32.6500      1282
 32.6750      1303
 32.7000      1318
 32.7250      1239
 32.7500      1260
 32.7750      1296
 32.8000      1260
 32.8250      1274
 32.8500      1318
 32.8750      1282
 32.9000      1197
 32.9250      1225
 32.9500      1267
 32.9750      1274
 33.0000      1218
 33.0250      1267
 33.0500      1239
 33.0750      1303
 33.1000      1253
 33.1250      1253
 33.1500      1289
 33.1750      1204
 33.2000      1197
 33.2250      1289
 33.2500      1176
 33.2750      1239
 33.3000      1211
 33.3250      1253
 33.3500      1197
 33.3750      1204
 33.4000      1267
 33.4250      1163
 33.4500      1218
 33.4750      1170
 33.5000      1176
 33.5250      1163
 33.5500      1142
 33.5750      1246
 33.6000      1183
 33.6250      1163
 33.6500      1149
 33.6750      1170
 33.7000      1156
 33.7250      1142
 33.7500      1170
 33.7750      1204
 33.8000      1156
 33.8250      1102
 33.8500      1170
 33.8750      1089
 33.9000      1122
 33.9250      1122
 33.9500      1102
 33.9750      1183
 34.0000      1063
 34.0250      1129
 34.0500      1089
 34.0750      1109
 34.1000      1089
 34.1250      1069
 34.1500      1089
 34.1750      1037
 34.2000      1076
 34.2250      1089
 34.2500      1156
 34.2750      1102
 34.3000      1050
 34.3250      1076
 34.3500      1102
 34.3750      1037
 34.4000      1122
 34.4250      1109
 34.4500      1005
 34.4750      1005
 34.5000      1050
 34.5250      1011
 34.5500      1011
 34.5750      1037
 34.6000      1063
 34.6250      1122
 34.6500      1050
 34.6750      1050
 34.7000       992
 34.7250      1005
 34.7500      1011
 34.7750      1037
 34.8000      1056
 34.8250      1082
 34.8500      1102
 34.8750      1018
 34.9000      1018
 34.9250       961
 34.9500      1043
 34.9750      1024
 35.0000       992
 35.0250      1024
 35.0500       980
 35.0750      1018
 35.1000      1005
 35.1250      1043
 35.1500      1069
 35.1750       986
 35.2000      1005
 35.2250       961
 35.2500       906
 35.2750       986
 35.3000      1011
 35.3250       973
 35.3500       900
 35.3750       980
 35.4000      1005
 35.4250       942
 35.4500       942
 35.4750       942
 35.5000       955
 35.5250       949
 35.5500       949
 35.5750      1005
 35.6000       949
 35.6250       973
 35.6500       912
 35.6750       980
 35.7000       924
 35.7250       942
 35.7500       973
 35.7750       942
 35.8000       924
 35.8250       906
 35.8500       906
 35.8750       864
 35.9000       955
 35.9250       888
 35.9500       936
 35.9750       870
 36.0000       882
 36.0250       900
 36.0500       906
 36.0750       888
 36.1000       967
 36.1250       888
 36.1500       882
 36.1750       870
 36.2000       795
 36.2250       882
 36.2500       936
 36.2750       912
 36.3000       876
 36.3250       870
 36.3500       847
 36.3750       900
 36.4000       894
 36.4250       818
 36.4500       853
 36.4750       835
 36.5000       864
 36.5250       829
 36.5500       847
 36.5750       824
 36.6000       841
 36.6250       807
 36.6500       847
 36.6750       894
 36.7000       876
 36.7250       870
 36.7500       818
 36.7750       876
 36.8000       894
 36.8250       824
 36.8500       795
 36.8750       906
 36.9000       835
 36.9250       773
 36.9500       790
 36.9750       864
 37.0000       795
 37.0250       812
 37.0500       876
 37.0750       853
 37.1000       847
 37.1250       807
 37.1500       790
 37.1750       767
 37.2000       778
 37.2250       745
 37.2500       824
 37.2750       812
 37.3000       756
 37.3250       762
 37.3500       745
 37.3750       812
 37.4000       751
 37.4250       762
 37.4500       795
 37.4750       713
 37.5000       790
 37.5250       835
 37.5500       812
 37.5750       784
 37.6000       773
 37.6250       790
 37.6500       734
 37.6750       801
 37.7000       807
 37.7250       801
 37.7500       756
 37.7750       734
 37.8000       795
 37.8250       778
 37.8500       724
 37.8750       807
 37.9000       767
 37.9250       818
 37.9500       784
 37.9750       756
 38.0000       729
 38.0250       756
 38.0500       767
 38.0750       729
 38.1000       729
 38.1250       773
 38.1500       724
 38.1750       729
 38.2000       729
 38.2250       740
 38.2500       729
 38.2750       718
 38.3000       724
 38.3250       724
 38.3500       718
 38.3750       745
 38.4000       740
 38.4250       745
 38.4500       767
 38.4750       708
 38.5000       702
 38.5250       729
 38.5500       740
 38.5750       697
 38.6000       773
 38.6250       713
 38.6500       756
 38.6750       729
 38.7000       724
 38.7250       784
 38.7500       734
 38.7750       724
 38.8000       702
 38.8250       740
 38.8500       692
 38.8750       729
 38.9000       734
 38.9250       697
 38.9500       697
 38.9750       713
 39.0000       708
 39.0250       745
 39.0500       692
 39.0750       718
 39.1000       778
 39.1250       708
 39.1500       729
 39.1750       713
 39.2000       713
 39.2250       676
 39.2500       718
 39.2750       724
 39.3000       702
 39.3250       676
 39.3500       686
 39.3750       713
 39.4000       740
 39.4250       671
 39.4500       692
 39.4750       681
 39.5000       745
 39.5250       702
 39.5500       697
 39.5750       708
 39.6000       713
 39.6250       729
 39.6500       751
 39.6750       724
 39.7000       702
 39.7250       681
 39.7500       724
 39.7750       708
 39.8000       734
 39.8250       713
 39.8500       740
 39.8750       718
 39.9000       686
 39.9250       660
 39.9500       645
 39.9750       681
 40.0000       708
 40.0250       745
 40.0500       708
 40.0750       729
 40.1000       671
 40.1250       724
 40.1500       708
 40.1750       692
 40.2000       713
 40.2250       676
 40.2500       724
 40.2750       660
 40.3000       640
 40.3250       718
 40.3500       671
 40.3750       724
 40.4000       671
 40.4250       729
 40.4500       671
 40.4750       702
 40.5000       702
 40.5250       697
 40.5500       697
 40.5750       681
 40.6000       655
 40.6250       718
 40.6500       713
 40.6750       708
 40.7000       697
 40.7250       666
 40.7500       718
 40.7750       713
 40.8000       718
 40.8250       681
 40.8500       697
 40.8750       681
 40.9000       708
 40.9250       692
 40.9500       686
 40.9750       681
 41.0000       681
 41.0250       708
 41.0500       708
 41.0750       740
 41.1000       729
 41.1250       676
 41.1500       692
 41.1750       702
 41.2000       655
 41.2250       655
 41.2500       702
 41.2750       702
 41.3000       671
 41.3250       697
 41.3500       676
 41.3750       740
 41.4000       708
 41.4250       724
 41.4500       718
 41.4750       745
 41.5000       713
 41.5250       676
 41.5500       751
 41.5750       708
 41.6000       660
 41.6250       671
 41.6500       692
 41.6750       660
 41.7000       708
 41.7250       676
 41.7500       697
 41.7750       762
 41.8000       666
 41.8250       708
 41.8500       729
 41.8750       708
 41.9000       697
 41.9250       713
 41.9500       762
 41.9750       718
 42.0000       790
 42.0250       697
 42.0500       740
 42.0750       697
 42.1000       724
 42.1250       713
 42.1500       650
 42.1750       697
 42.2000       729
 42.2250       702
 42.2500       724
 42.2750       784
 42.3000       718
 42.3250       756
 42.3500       790
 42.3750       745
 42.4000       756
 42.4250       724
 42.4500       745
 42.4750       773
 42.5000       734
 42.5250       784
 42.5500       751
 42.5750       713
 42.6000       708
 42.6250       724
 42.6500       801
 42.6750       824
 42.7000       751
 42.7250       784
 42.7500       795
 42.7750       767
 42.8000       762
 42.8250       795
 42.8500       812
 42.8750       790
 42.9000       751
 42.9250       824
 42.9500       829
 42.9750       801
 43.0000       812
 43.0250       818
 43.0500       847
 43.0750       773
 43.1000       853
 43.1250       847
 43.1500       882
 43.1750       949
 43.2000       924
 43.2250       888
 43.2500       924
 43.2750       980
 43.3000       992
 43.3250      1030
 43.3500      1018
 43.3750      1102
 43.4000      1096
 43.4250      1232
 43.4500      1176
 43.4750      1218
 43.5000      1325
 43.5250      1444
 43.5500      1482
 43.5750      1600
 43.6000      1866
 43.6250      1998
 43.6500      2181
 43.6750      2560
 43.7000      2852
 43.7250      3306
 43.7500      3782
 43.7750      4597
 43.8000      5550
 43.8250      6529
 43.8500      7957
 43.8750      9742
 43.9000     10941
 43.9250     12365
 43.9500     13156
 43.9750     13995
 44.0000     13830
 44.0250     13502
 44.0500     12656
 44.0750     11492
 44.1000     10486
 44.1250      9025
 44.1500      7517
 44.1750      6561
 44.2000      5417
 44.2250      4651
 44.2500      3944
 44.2750      3283
 44.3000      2788
 44.3250      2362
 44.3500      2116
 44.3750      1910
 44.4000      1681
 44.4250      1576
 44.4500      1421
 44.4750      1246
 44.5000      1204
 44.5250      1225
 44.5500      1109
 44.5750      1122
 44.6000      1069
 44.6250       986
 44.6500       936
 44.6750       930
 44.7000       876
 44.7250       864
 44.7500       853
 44.7750       864
 44.8000       888
 44.8250       801
 44.8500       829
 44.8750       795
 44.9000       795
 44.9250       812
 44.9500       745
 44.9750       756
 45.0000       734
 45.0250       801
 45.0500       740
 45.0750       692
 45.1000       718
 45.1250       729
 45.1500       740
 45.1750       767
 45.2000       655
 45.2250       734
 45.2500       745
 45.2750       666
 45.3000       724
 45.3250       681
 45.3500       692
 45.3750       686
 45.4000       692
 45.4250       702
 45.4500       713
 45.4750       666
 45.5000       686
 45.5250       655
 45.5500       625
 45.5750       635
 45.6000       676
 45.6250       686
 45.6500       660
 45.6750       660
 45.7000       640
 45.7250       630
 45.7500       671
 45.7750       640
 45.8000       686
 45.8250       660
 45.8500       655
 45.8750       686
 45.9000       681
 45.9250       630
 45.9500       615
 45.9750       635
 46.0000       640
 46.0250       615
 46.0500       615
 46.0750       630
 46.1000       660
 46.1250       686
 46.1500       655
 46.1750       692
 46.2000       645
 46.2250       666
 46.2500       671
 46.2750       635
 46.3000       650
 46.3250       630
 46.3500       666
 46.3750       660
 46.4000       655
 46.4250       635
 46.4500       666
 46.4750       645
 46.5000       645
 46.5250       625
 46.5500       640
 46.5750       581
 46.6000       605
 46.6250       595
 46.6500       605
 46.6750       630
 46.7000       595
 46.7250       635
 46.7500       595
 46.7750       625
 46.8000       666
 46.8250       625
 46.8500       615
 46.8750       605
 46.9000       595
 46.9250       640
 46.9500       650
 46.9750       620
 47.0000       600
 47.0250       645
 47.0500       605
 47.0750       610
 47.1000       625
 47.1250       630
 47.1500       576
 47.1750       615
 47.2000       566
 47.2250       625
 47.2500       595
 47.2750       635
 47.3000       595
 47.3250       605
 47.3500       630
 47.3750       615
 47.4000       581
 47.4250       605
 47.4500       590
 47.4750       595
 47.5000       590
 47.5250       610
 47.5500       548
 47.5750       620
 47.6000       595
 47.6250       615
 47.6500       635
 47.6750       543
 47.7000       625
 47.7250       610
 47.7500       581
 47.7750       640
 47.8000       625
 47.8250       590
 47.8500       615
 47.8750       615
 47.9000       600
 47.9250       595
 47.9500       640
 47.9750       557
 48.0000       595
 48.0250       666
 48.0500       600
 48.0750       590
 48.1000       571
 48.1250       576
 48.1500       610
 48.1750       605
 48.2000       610
 48.2250       615
 48.2500       610
 48.2750       595
 48.3000       610
 48.3250       552
 48.3500       645
 48.3750       610
 48.4000       605
 48.4250       557
 48.4500       581
 48.4750       581
 48.5000       610
 48.5250       581
 48.5500       566
 48.5750       581
 48.6000       630
 48.6250       557
 48.6500       615
 48.6750       635
 48.7000       590
 48.7250       610
 48.7500       630
 48.7750       615
 48.8000       590
 48.8250       625
 48.8500       595
 48.8750       590
 48.9000       557
 48.9250       534
 48.9500       590
 48.9750       566
 49.0000       562
 49.0250       566
 49.0500       600
 49.0750       576
 49.1000       586
 49.1250       576
 49.1500       615
 49.1750       552
 49.2000       581
 49.2250       600
 49.2500       625
 49.2750       557
 49.3000       511
 49.3250       610
 49.3500       562
 49.3750       571
 49.4000       586
 49.4250       615
 49.4500       620
 49.4750       557
 49.5000       552
 49.5250       576
 49.5500       586
 49.5750       571
 49.6000       548
 49.6250       600
 49.6500       524
 49.6750       576
 49.7000       557
 49.7250       576
 49.7500       576
 49.7750       576
 49.8000       562
 49.8250       557
 49.8500       571
 49.8750       529
 49.9000       566
 49.9250       581
 49.9500       562
 49.9750       581
 50.0000       538
 50.0250       595
 50.0500       576
 50.0750       576
 50.1000       552
 50.1250       566
 50.1500       595
 50.1750       548
 50.2000       552
 50.2250       576
 50.2500       562
 50.2750       576
 50.3000       595
 50.3250       590
 50.3500       562
 50.3750       566
 50.4000       571
 50.4250       595
 50.4500       590
 50.4750       548
 50.5000       529
 50.5250       595
 50.5500       620
 50.5750       610
 50.6000       571
 50.6250       548
 50.6500       538
 50.6750       610
 50.7000       562
 50.7250       581
 50.7500       538
 50.7750       520
 50.8000       557
 50.8250       548
 50.8500       524
 50.8750       562
 50.9000       566
 50.9250       538
 50.9500       552
 50.9750       625
 51.0000       600
 51.0250       557
 51.0500       571
 51.0750       543
 51.1000       576
 51.1250       538
 51.1500       515
 51.1750       576
 51.2000       581
 51.2250       543
 51.2500       520
 51.2750       590
 51.3000       524
 51.3250       620
 51.3500       520
 51.3750       586
 51.4000       566
 51.4250       600
 51.4500       529
 51.4750       552
 51.5000       595
 51.5250       557
 51.5500       543
 51.5750       543
 51.6000       586
 51.6250       562
 51.6500       538
 51.6750       595
 51.7000       581
 51.7250       562
 51.7500       548
 51.7750       562
 51.8000       520
 51.8250       538
 51.8500       600
 51.8750       571
 51.9000       557
 51.9250       566
 51.9500       566
 51.9750       543
 52.0000       520
 52.0250       543
 52.0500       571
 52.0750       576
 52.1000       538
 52.1250       548
 52.1500       543
 52.1750       562
 52.2000       543
 52.2250       552
 52.2500       538
 52.2750       497
 52.3000       571
 52.3250       543
 52.3500       562
 52.3750       557
 52.4000       493
 52.4250       576
 52.4500       562
 52.4750       538
 52.5000       543
 52.5250       600
 52.5500       543
 52.5750       538
 52.6000       566
 52.6250       543
 52.6500       543
 52.6750       581
 52.7000       538
 52.7250       552
 52.7500       520
 52.7750       552
 52.8000       600
 52.8250       571
 52.8500       543
 52.8750       562
 52.9000       538
 52.9250       520
 52.9500       566
 52.9750       557
 53.0000       595
 53.0250       610
 53.0500       520
 53.0750       520
 53.1000       571
 53.1250       557
 53.1500       557
 53.1750       543
 53.2000       590
 53.2250       538
 53.2500       557
 53.2750       538
 53.3000       543
 53.3250       543
 53.3500       497
 53.3750       605
 53.4000       576
 53.4250       538
 53.4500       552
 53.4750       566
 53.5000       506
 53.5250       590
 53.5500       529
 53.5750       543
 53.6000       534
 53.6250       552
 53.6500       552
 53.6750       502
 53.7000       557
 53.7250       548
 53.7500       586
 53.7750       571
 53.8000       511
 53.8250       557
 53.8500       605
 53.8750       571
 53.9000       571
 53.9250       562
 53.9500       600
 53.9750       571
 54.0000       543
 54.0250       529
 54.0500       566
 54.0750       529
 54.1000       581
 54.1250       557
 54.1500       571
 54.1750       571
 54.2000       605
 54.2250       595
 54.2500       586
 54.2750       552
 54.3000       650
 54.3250       655
 54.3500       676
 54.3750       697
 54.4000       697
 54.4250       773
 54.4500       751
 54.4750       795
 54.5000       918
 54.5250       961
 54.5500      1018
 54.5750      1076
 54.6000      1037
 54.6250      1069
 54.6500      1018
 54.6750       992
 54.7000       961
 54.7250       936
 54.7500       841
 54.7750       807
 54.8000       864
 54.8250       778
 54.8500       681
 54.8750       692
 54.9000       660
 54.9250       630
 54.9500       620
 54.9750       605
 55.0000       610
 55.0250       590
 55.0500       625
 55.0750       600
 55.1000       571
 55.1250       590
 55.1500       543
 55.1750       562
 55.2000       576
 55.2250       557
 55.2500       543
 55.2750       538
 55.3000       595
 55.3250       562
 55.3500       595
 55.3750       571
 55.4000       543
 55.4250       571
 55.4500       586
 55.4750       511
 55.5000       538
 55.5250       605
 55.5500       511
 55.5750       566
 55.6000       590
 55.6250       562
 55.6500       562
 55.6750       552
 55.7000       571
 55.7250       548
 55.7500       543
 55.7750       529
 55.8000       538
 55.8250       497
 55.8500       548
 55.8750       552
 55.9000       566
 55.9250       586
 55.9500       534
 55.9750       557
 56.0000       529
 56.0250       520
 56.0500       557
 56.0750       538
 56.1000       562
 56.1250       520
 56.1500       538
 56.1750       557
 56.2000       552
 56.2250       548
 56.2500       581
 56.2750       552
 56.3000       562
 56.3250       529
 56.3500       488
 56.3750       548
 56.4000       576
 56.4250       543
 56.4500       552
 56.4750       543
 56.5000       566
 56.5250       543
 56.5500       557
 56.5750       562
 56.6000       543
 56.6250       534
 56.6500       581
 56.6750       557
 56.7000       566
 56.7250       534
 56.7500       548
 56.7750       590
 56.8000       543
 56.8250       534
 56.8500       566
 56.8750       543
 56.9000       562
 56.9250       538
 56.9500       566
 56.9750       562
 57.0000       595
 57.0250       586
 57.0500       562
 57.0750       543
 57.1000       557
 57.1250       615
 57.1500       515
 57.1750       571
 57.2000       538
 57.2250       548
 57.2500       543
 57.2750       529
 57.3000       566
 57.3250       566
 57.3500       586
 57.3750       576
 57.4000       581
 57.4250       520
 57.4500       538
 57.4750       538
 57.5000       581
 57.5250       595
 57.5500       600
 57.5750       595
 57.6000       543
 57.6250       552
 57.6500       600
 57.6750       562
 57.7000       566
 57.7250       562
 57.7500       581
 57.7750       548
 57.8000       557
 57.8250       538
 57.8500       488
 57.8750       548
 57.9000       562
 57.9250       543
 57.9500       557
 57.9750       562
 58.0000       571
 58.0250       538
 58.0500       576
 58.0750       524
 58.1000       586
 58.1250       571
 58.1500       566
 58.1750       586
 58.2000       515
 58.2250       543
 58.2500       552
 58.2750       581
 58.3000       562
 58.3250       529
 58.3500       548
 58.3750       534
 58.4000       566
 58.4250       610
 58.4500       557
 58.4750       562
 58.5000       502
 58.5250       562
 58.5500       586
 58.5750       557
 58.6000       534
 58.6250       557
 58.6500       600
 58.6750       571
 58.7000       538
 58.7250       557
 58.7500       557
 58.7750       534
 58.8000       538
 58.8250       557
 58.8500       529
 58.8750       552
 58.9000       581
 58.9250       552
 58.9500       581
 58.9750       571
 59.0000       571
 59.0250       548
 59.0500       552
 59.0750       571
 59.1000       548
 59.1250       566
 59.1500       590
 59.1750       581
 59.2000       524
 59.2250       520
 59.2500       520
 59.2750       610
 59.3000       566
 59.3250       543
 59.3500       538
 59.3750       529
 59.4000       581
 59.4250       562
 59.4500       529
 59.4750       595
 59.5000       557
 59.5250       605
 59.5500       557
 59.5750       571
 59.6000       620
 59.6250       571
 59.6500       590
 59.6750       552
 59.7000       543
 59.7250       557
 59.7500       590
 59.7750       552
 59.8000       557
 59.8250       548
 59.8500       586
 59.8750       566
 59.9000       524
 59.9250       576
 59.9500       548
 59.9750       595
 60.0000       524
 60.0250       610
 60.0500       566
 60.0750       552
 60.1000       576
 60.1250       506
 60.1500       571
 60.1750       552
 60.2000       543
 60.2250       586
 60.2500       529
 60.2750       511
 60.3000       562
 60.3250       586
 60.3500       511
 60.3750       534
 60.4000       557
 60.4250       557
 60.4500       520
 60.4750       586
 60.5000       566
 60.5250       615
 60.5500       562
 60.5750       562
 60.6000       576
 60.6250       605
 60.6500       576
 60.6750       557
 60.7000       586
 60.7250       538
 60.7500       557
 60.7750       590
 60.8000       548
 60.8250       557
 60.8500       538
 60.8750       566
 60.9000       576
 60.9250       520
 60.9500       562
 60.9750       562
 61.0000       538
 61.0250       529
 61.0500       557
 61.0750       576
 61.1000       552
 61.1250       576
 61.1500       576
 61.1750       538
 61.2000       595
 61.2250       566
 61.2500       543
 61.2750       566
 61.3000       552
 61.3250       562
 61.3500       557
 61.3750       595
 61.4000       576
 61.4250       557
 61.4500       557
 61.4750       529
 61.5000       571
 61.5250       548
 61.5500       581
 61.5750       566
 61.6000       548
 61.6250       534
 61.6500       534
 61.6750       552
 61.7000       548
 61.7250       576
 61.7500       502
 61.7750       543
 61.8000       562
 61.8250       557
 61.8500       581
 61.8750       538
 61.9000       576
 61.9250       557
 61.9500       562
 61.9750       552
 62.0000       529
 62.0250       571
 62.0500       586
 62.0750       615
 62.1000       586
 62.1250       610
 62.1500       571
 62.1750       548
 62.2000       576
 62.2250       562
 62.2500       581
 62.2750       562
 62.3000       581
 62.3250       515
 62.3500       538
 62.3750       562
 62.4000       590
 62.4250       543
 62.4500       548
 62.4750       529
 62.5000       615
 62.5250       557
 62.5500       576
 62.5750       595
 62.6000       543
 62.6250       586
 62.6500       562
 62.6750       571
 62.7000       557
 62.7250       581
 62.7500       576
 62.7750       566
 62.8000       600
 62.8250       635
 62.8500       586
 62.8750       600
 62.9000       566
 62.9250       615
 62.9500       557
 62.9750       595
 63.0000       595
 63.0250       586
 63.0500       650
 63.0750       610
 63.1000       590
 63.1250       660
 63.1500       686
 63.1750       645
 63.2000       615
 63.2250       645
 63.2500       655
 63.2750       660
 63.3000       697
 63.3250       681
 63.3500       692
 63.3750       660
 63.4000       756
 63.4250       692
 63.4500       812
 63.4750       778
 63.5000       795
 63.5250       812
 63.5500       835
 63.5750       824
 63.6000       918
 63.6250       853
 63.6500      1043
 63.6750      1018
 63.7000      1089
 63.7250      1156
 63.7500      1218
 63.7750      1260
 63.8000      1406
 63.8250      1467
 63.8500      1552
 63.8750      1624
 63.9000      1689
 63.9250      1706
 63.9500      1772
 63.9750      1706
 64.0000      1722
 64.0250      1764
 64.0500      1697
 64.0750      1714
 64.1000      1576
 64.1250      1576
 64.1500      1544
 64.1750      1444
 64.2000      1399
 64.2250      1303
 64.2500      1253
 64.2750      1211
 64.3000      1163
 64.3250      1109
 64.3500       992
 64.3750       942
 64.4000       912
 64.4250       824
 64.4500       864
 64.4750       807
 64.5000       790
 64.5250       762
 64.5500       708
 64.5750       713
 64.6000       697
 64.6250       660
 64.6500       676
 64.6750       666
 64.7000       625
 64.7250       645
 64.7500       600
 64.7750       630
 64.8000       640
 64.8250       630
 64.8500       630
 64.8750       615
 64.9000       581
 64.9250       605
 64.9500       615
 64.9750       571
 65.0000       630
 65.0250       600
 65.0500       571
 65.0750       557
 65.1000       557
 65.1250       548
 65.1500       538
 65.1750       557
 65.2000       576
 65.2250       576
 65.2500       548
 65.2750       571
 65.3000       590
 65.3250       581
 65.3500       515
 65.3750       552
 65.4000       552
 65.4250       586
 65.4500       557
 65.4750       586
 65.5000       529
 65.5250       557
 65.5500       538
 65.5750       520
 65.6000       511
 65.6250       506
 65.6500       538
 65.6750       534
 65.7000       534
 65.7250       538
 65.7500       562
 65.7750       520
 65.8000       520
 65.8250       538
 65.8500       511
 65.8750       543
 65.9000       552
 65.9250       562
 65.9500       538
 65.9750       557
 66.0000       506
 66.0250       529
 66.0500       529
 66.0750       534
 66.1000       493
 66.1250       552
 66.1500       502
 66.1750       524
 66.2000       557
 66.2250       511
 66.2500       543
 66.2750       520
 66.3000       502
 66.3250       515
 66.3500       543
 66.3750       502
 66.4000       515
 66.4250       557
 66.4500       534
 66.4750       520
 66.5000       571
 66.5250       543
 66.5500       493
 66.5750       520
 66.6000       543
 66.6250       520
 66.6500       534
 66.6750       534
 66.7000       529
 66.7250       538
 66.7500       511
 66.7750       497
 66.8000       515
 66.8250       524
 66.8500       524
 66.8750       529
 66.9000       497
 66.9250       524
 66.9500       538
 66.9750       543
 67.0000       515
 67.0250       488
 67.0500       534
 67.0750       484
 67.1000       529
 67.1250       538
 67.1500       493
 67.1750       497
 67.2000       511
 67.2250       502
 67.2500       515
 67.2750       529
 67.3000       543
 67.3250       511
 67.3500       524
 67.3750       502
 67.4000       488
 67.4250       520
 67.4500       488
 67.4750       493
 67.5000       484
 67.5250       502
 67.5500       493
 67.5750       511
 67.6000       471
 67.6250       488
 67.6500       529
 67.6750       515
 67.7000       511
 67.7250       538
 67.7500       493
 67.7750       506
 67.8000       484
 67.8250       534
 67.8500       488
 67.8750       493
 67.9000       493
 67.9250       475
 67.9500       515
 67.9750       502
 68.0000       502
 68.0250       524
 68.0500       502
 68.0750       502
 68.1000       480
 68.1250       538
 68.1500       484
 68.1750       475
 68.2000       471
 68.2250       502
 68.2500       534
 68.2750       484
 68.3000       488
 68.3250       524
 68.3500       475
 68.3750       493
 68.4000       484
 68.4250       502
 68.4500       534
 68.4750       543
 68.5000       484
 68.5250       538
 68.5500       467
 68.5750       484
 68.6000       529
 68.6250       488
 68.6500       529
 68.6750       493
 68.7000       488
 68.7250       497
 68.7500       471
 68.7750       488
 68.8000       502
 68.8250       467
 68.8500       520
 68.8750       493
 68.9000       502
 68.9250       467
 68.9500       506
 68.9750       488
 69.0000       506
 69.0250       511
 69.0500       511
 69.0750       502
 69.1000       515
 69.1250       502
 69.1500       497
 69.1750       497
 69.2000       462
 69.2250       488
 69.2500       458
 69.2750       497
 69.3000       462
 69.3250       488
 69.3500       552
 69.3750       480
 69.4000       534
 69.4250       480
 69.4500       445
 69.4750       480
 69.5000       484
 69.5250       454
 69.5500       493
 69.5750       480
 69.6000       488
 69.6250       480
 69.6500       502
 69.6750       493
 69.7000       506
 69.7250       467
 69.7500       497
 69.7750       454
 69.8000       493
 69.8250       502
 69.8500       471
 69.8750       475
 69.9000       475
 69.9250       449
 69.9500       475
 69.9750       475
 70.0000       493
 70.0250       497
 70.0500       475
 70.0750       493
 70.1000       458
 70.1250       445
 70.1500       449
 70.1750       484
 70.2000       471
 70.2250       454
 70.2500       462
 70.2750       480
 70.3000       475
 70.3250       458
 70.3500       467
 70.3750       471
 70.4000       502
 70.4250       484
 70.4500       458
 70.4750       437
 70.5000       484
 70.5250       454
 70.5500       449
 70.5750       480
 70.6000       467
 70.6250       449
 70.6500       515
 70.6750       437
 70.7000       497
 70.7250       462
 70.7500       471
 70.7750       480
 70.8000       441
 70.8250       449
 70.8500       467
 70.8750       471
 70.9000       475
 70.9250       445
 70.9500       484
 70.9750       471
 71.0000       493
 71.0250       467
 71.0500       467
 71.0750       424
 71.1000       441
 71.1250       471
 71.1500       396
 71.1750       484
 71.2000       420
 71.2250       441
 71.2500       475
 71.2750       502
 71.3000       480
 71.3250       467
 71.3500       480
 71.3750       471
 71.4000       441
 71.4250       475
 71.4500       471
 71.4750       480
 71.5000       475
 71.5250       458
 71.5500       488
 71.5750       462
 71.6000       462
 71.6250       449
 71.6500       502
 71.6750       484
 71.7000       454
 71.7250       424
 71.7500       458
 71.7750       493
 71.8000       475
 71.8250       471
 71.8500       454
 71.8750       506
 71.9000       441
 71.9250       488
 71.9500       484
 71.9750       484
 72.0000       484
 72.0250       475
 72.0500       534
 72.0750       484
 72.1000       515
 72.1250       520
 72.1500       515
 72.1750       511
 72.2000       493
 72.2250       506
 72.2500       511
 72.2750       538
 72.3000       524
 72.3250       620
 72.3500       571
 72.3750       543
 72.4000       595
 72.4250       625
 72.4500       630
 72.4750       630
 72.5000       681
 72.5250       681
 72.5500       702
 72.5750       713
 72.6000       745
 72.6250       767
 72.6500       762
 72.6750       790
 72.7000       740
 72.7250       778
 72.7500       767
 72.7750       718
 72.8000       645
 72.8250       702
 72.8500       615
 72.8750       676
 72.9000       620
 72.9250       576
 72.9500       586
 72.9750       571
 73.0000       595
 73.0250       590
 73.0500       576
 73.0750       497
 73.1000       502
 73.1250       502
 73.1500       488
 73.1750       488
 73.2000       484
 73.2250       506
 73.2500       484
 73.2750       428
 73.3000       467
 73.3250       449
 73.3500       471
 73.3750       420
 73.4000       445
 73.4250       449
 73.4500       467
 73.4750       454
 73.5000       449
 73.5250       424
 73.5500       441
 73.5750       449
 73.6000       445
 73.6250       445
 73.6500       412
 73.6750       441
 73.7000       462
 73.7250       428
 73.7500       437
 73.7750       428
 73.8000       420
 73.8250       454
 73.8500       437
 73.8750       428
 73.9000       428
 73.9250       420
 73.9500       449
 73.9750       412
 74.0000       420
 74.0250       420
 74.0500       441
 74.0750       433
 74.1000       433
 74.1250       433
 74.1500       433
 74.1750       424
 74.2000       396
 74.2250       408
 74.2500       437
 74.2750       416
 74.3000       437
 74.3250       428
 74.3500       458
 74.3750       441
 74.4000       412
 74.4250       441
 74.4500       416
 74.4750       420
 74.5000       400
 74.5250       408
 74.5500       412
 74.5750       449
 74.6000       416
 74.6250       433
 74.6500       420
 74.6750       424
 74.7000       445
 74.7250       400
 74.7500       445
 74.7750       408
 74.8000       467
 74.8250       396
 74.8500       420
 74.8750       433
 74.9000       400
 74.9250       404
 74.9500       412
 74.9750       388
 75.0000       408
 75.0250       416
 75.0500       424
 75.0750       404
 75.1000       428
 75.1250       408
 75.1500       441
 75.1750       416
 75.2000       416
 75.2250       420
 75.2500       445
 75.2750       361
 75.3000       420
 75.3250       388
 75.3500       424
 75.3750       437
 75.4000       365
 75.4250       424
 75.4500       428
 75.4750       400
 75.5000       404
 75.5250       424
 75.5500       433
 75.5750       404
 75.6000       396
 75.6250       420
 75.6500       404
 75.6750       392
 75.7000       396
 75.7250       412
 75.7500       416
 75.7750       369
 75.8000       441
 75.8250       388
 75.8500       400
 75.8750       412
 75.9000       412
 75.9250       412
 75.9500       380
 75.9750       433
 76.0000       388
 76.0250       433
 76.0500       420
 76.0750       420
 76.1000       416
 76.1250       404
 76.1500       412
 76.1750       420
 76.2000       408
 76.2250       471
 76.2500       376
 76.2750       424
 76.3000       433
 76.3250       428
 76.3500       376
 76.3750       408
 76.4000       392
 76.4250       408
 76.4500       384
 76.4750       380
 76.5000       376
 76.5250       449
 76.5500       412
 76.5750       404
 76.6000       392
 76.6250       433
 76.6500       392
 76.6750       380
 76.7000       420
 76.7250       420
 76.7500       408
 76.7750       392
 76.8000       384
 76.8250       420
 76.8500       384
 76.8750       369
 76.9000       408
 76.9250       380
 76.9500       376
 76.9750       420
 77.0000       433
 77.0250       388
 77.0500       392
 77.0750       433
 77.1000       412
 77.1250       361
 77.1500       412
 77.1750       388
 77.2000       400
 77.2250       424
 77.2500       404
 77.2750       424
 77.3000       412
 77.3250       408
 77.3500       400
 77.3750       408
 77.4000       441
 77.4250       365
 77.4500       400
 77.4750       433
 77.5000       369
 77.5250       408
 77.5500       384
 77.5750       416
 77.6000       396
 77.6250       392
 77.6500       416
 77.6750       416
 77.7000       428
 77.7250       420
 77.7500       376
 77.7750       384
 77.8000       408
 77.8250       388
 77.8500       376
 77.8750       400
 77.9000       372
 77.9250       388
 77.9500       388
 77.9750       400
 78.0000       400
 78.0250       400
 78.0500       388
 78.0750       400
 78.1000       412
 78.1250       404
 78.1500       384
 78.1750       396
 78.2000       376
 78.2250       396
 78.2500       380
 78.2750       392
 78.3000       384
 78.3250       388
 78.3500       400
 78.3750       396
 78.4000       372
 78.4250       400
 78.4500       428
 78.4750       380
 78.5000       376
 78.5250       400
 78.5500       400
 78.5750       396
 78.6000       369
 78.6250       380
 78.6500       392
 78.6750       412
 78.7000       441
 78.7250       396
 78.7500       365
 78.7750       433
 78.8000       428
 78.8250       404
 78.8500       437
 78.8750       408
 78.9000       361
 78.9250       404
 78.9500       412
 78.9750       388
 79.0000       416
 79.0250       400
 79.0500       380
 79.0750       412
 79.1000       392
 79.1250       384
 79.1500       412
 79.1750       388
 79.2000       396
 79.2250       396
 79.2500       416
 79.2750       384
 79.3000       420
 79.3250       392
 79.3500       420
 79.3750       416
 79.4000       400
 79.4250       454
 79.4500       424
 79.4750       400
 79.5000       445
 79.5250       467
 79.5500       462
 79.5750       420
 79.6000       454
 79.6250       404
 79.6500       388
 79.6750       454
 79.7000       484
 79.7250       458
 79.7500       449
 79.7750       449
 79.8000       433
 79.8250       467
 79.8500       433
 79.8750       420
 79.9000       467
 79.9250       458
 79.9500       524
 79.9750       480
 80.0000       497
 80.0250       437
 80.0500       493
 80.0750       493
 80.1000       543
 80.1250       484
 80.1500       520
 80.1750       548
 80.2000       520
 80.2250       595
 80.2500       571
 80.2750       605
 80.3000       660
 80.3250       586
 80.3500       702
 80.3750       718
 80.4000       762
 80.4250       801
 80.4500       841
 80.4750       882
 80.5000       912
 80.5250      1056
 80.5500      1082
 80.5750      1239
 80.6000      1274
 80.6250      1444
 80.6500      1600
 80.6750      1665
 80.7000      1849
 80.7250      1910
 80.7500      2134
 80.7750      2343
 80.8000      2391
 80.8250      2570
 80.8500      2673
 80.8750      2652
 80.9000      2663
 80.9250      2673
 80.9500      2611
 80.9750      2652
 81.0000      2490
 81.0250      2401
 81.0500      2333
 81.0750      2190
 81.1000      2200
 81.1250      2079
 81.1500      2052
 81.1750      1772
 81.2000      1798
 81.2250      1616
 81.2500      1399
 81.2750      1282
 81.3000      1260
 81.3250      1176
 81.3500      1037
 81.3750       942
 81.4000       894
 81.4250       841
 81.4500       762
 81.4750       801
 81.5000       708
 81.5250       724
 81.5500       640
 81.5750       605
 81.6000       635
 81.6250       635
 81.6500       557
 81.6750       534
 81.7000       511
 81.7250       524
 81.7500       520
 81.7750       552
 81.8000       497
 81.8250       462
 81.8500       484
 81.8750       471
 81.9000       424
 81.9250       488
 81.9500       454
 81.9750       428
 82.0000       424
 82.0250       388
 82.0500       441
 82.0750       408
 82.1000       416
 82.1250       412
 82.1500       433
 82.1750       416
 82.2000       380
 82.2250       388
 82.2500       404
 82.2750       433
 82.3000       404
 82.3250       392
 82.3500       369
 82.3750       372
 82.4000       396
 82.4250       357
 82.4500       372
 82.4750       365
 82.5000       372
 82.5250       388
 82.5500       404
 82.5750       388
 82.6000       357
 82.6250       384
 82.6500       361
 82.6750       335
 82.7000       384
 82.7250       372
 82.7500       365
 82.7750       361
 82.8000       396
 82.8250       353
 82.8500       369
 82.8750       357
 82.9000       350
 82.9250       380
 82.9500       350
 82.9750       335
 83.0000       339
 83.0250       339
 83.0500       372
 83.0750       369
 83.1000       320
 83.1250       346
 83.1500       380
 83.1750       361
 83.2000       369
 83.2250       361
 83.2500       353
 83.2750       372
 83.3000       361
 83.3250       353
 83.3500       342
 83.3750       350
 83.4000       388
 83.4250       342
 83.4500       303
 83.4750       335
 83.5000       317
 83.5250       350
 83.5500       320
 83.5750       310
 83.6000       328
 83.6250       328
 83.6500       331
 83.6750       331
 83.7000       357
 83.7250       335
 83.7500       346
 83.7750       369
 83.8000       320
 83.8250       310
 83.8500       324
 83.8750       313
 83.9000       357
 83.9250       357
 83.9500       328
 83.9750       331
 84.0000       328
 84.0250       339
 84.0500       286
 84.0750       335
 84.1000       328
 84.1250       369
 84.1500       376
 84.1750       328
 84.2000       339
 84.2250       303
 84.2500       365
 84.2750       339
 84.3000       317
 84.3250       331
 84.3500       339
 84.3750       313
 84.4000       346
 84.4250       313
 84.4500       324
 84.4750       320
 84.5000       324
 84.5250       306
 84.5500       331
 84.5750       331
 84.6000       324
 84.6250       276
 84.6500       310
 84.6750       339
 84.7000       292
 84.7250       328
 84.7500       299
 84.7750       317
 84.8000       335
 84.8250       342
 84.8500       313
 84.8750       339
 84.9000       299
 84.9250       306
 84.9500       306
 84.9750       296
 85.0000       335
 85.0250       331
 85.0500       296
 85.0750       276
 85.1000       313
 85.1250       269
 85.1500       303
 85.1750       335
 85.2000       306
 85.2250       328
 85.2500       320
 85.2750       353
 85.3000       310
 85.3250       331
 85.3500       310
 85.3750       328
 85.4000       292
 85.4250       320
 85.4500       331
 85.4750       303
 85.5000       296
 85.5250       328
 85.5500       289
 85.5750       306
 85.6000       296
 85.6250       342
 85.6500       342
 85.6750       289
 85.7000       303
 85.7250       320
 85.7500       339
 85.7750       328
 85.8000       279
 85.8250       310
 85.8500       313
 85.8750       313
 85.9000       306
 85.9250       276
 85.9500       335
 85.9750       320
 86.0000       286
 86.0250       317
 86.0500       303
 86.0750       328
 86.1000       296
 86.1250       331
 86.1500       313
 86.1750       279
 86.2000       299
 86.2250       306
 86.2500       313
 86.2750       276
 86.3000       324
 86.3250       299
 86.3500       320
 86.3750       279
 86.4000       279
 86.4250       303
 86.4500       292
 86.4750       286
 86.5000       292
 86.5250       272
 86.5500       296
 86.5750       299
 86.6000       272
 86.6250       279
 86.6500       331
 86.6750       292
 86.7000       286
 86.7250       306
 86.7500       303
 86.7750       306
 86.8000       282
 86.8250       310
 86.8500       289
 86.8750       272
 86.9000       306
 86.9250       328
 86.9500       310
 86.9750       279
 87.0000       289
 87.0250       335
 87.0500       286
 87.0750       279
 87.1000       306
 87.1250       299
 87.1500       306
 87.1750       296
 87.2000       292
 87.2250       317
 87.2500       296
 87.2750       279
 87.3000       259
 87.3250       266
 87.3500       320
 87.3750       289
 87.4000       266
 87.4250       282
 87.4500       296
 87.4750       276
 87.5000       296
 87.5250       306
 87.5500       286
 87.5750       306
 87.6000       317
 87.6250       282
 87.6500       317
 87.6750       276
 87.7000       246
 87.7250       276
 87.7500       286
 87.7750       286
 87.8000       266
 87.8250       320
 87.8500       296
 87.8750       303
 87.9000       282
 87.9250       272
 87.9500       313
 87.9750       313
 88.0000       276
 88.0250       269
 88.0500       286
 88.0750       266
 88.1000       303
 88.1250       286
 88.1500       272
 88.1750       299
 88.2000       310
 88.2250       292
 88.2500       303
 88.2750       279
 88.3000       292
 88.3250       303
 88.3500       276
 88.3750       282
 88.4000       253
 88.4250       243
 88.4500       299
 88.4750       250
 88.5000       250
 88.5250       276
 88.5500       303
 88.5750       292
 88.6000       324
 88.6250       262
 88.6500       289
 88.6750       279
 88.7000       253
 88.7250       276
 88.7500       292
 88.7750       282
 88.8000       286
 88.8250       272
 88.8500       282
 88.8750       253
 88.9000       310
 88.9250       262
 88.9500       250
 88.9750       279
 89.0000       262
 89.0250       272
 89.0500       269
 89.0750       272
 89.1000       286
 89.1250       262
 89.1500       266
 89.1750       299
 89.2000       282
 89.2250       282
 89.2500       317
 89.2750       262
 89.3000       299
 89.3250       266
 89.3500       282
 89.3750       276
 89.4000       276
 89.4250       289
 89.4500       256
 89.4750       272
 89.5000       272
 89.5250       266
 89.5500       276
 89.5750       253
 89.6000       272
 89.6250       262
 89.6500       299
 89.6750       262
 89.7000       282
 89.7250       250
 89.7500       266
 89.7750       237
 89.8000       282
 89.8250       269
 89.8500       250
 89.8750       269
 89.9000       272
 89.9250       279
 89.9500       272
 89.9750       259
 90.0000       272
 90.0250       276
 90.0500       262
 90.0750       310
 90.1000       282
 90.1250       256
 90.1500       282
 90.1750       282
 90.2000       256
 90.2250       262
 90.2500       276
 90.2750       272
 90.3000       279
 90.3250       269
 90.3500       276
 90.3750       253
 90.4000       279
 90.4250       289
 90.4500       269
 90.4750       276
 90.5000       286
 90.5250       296
 90.5500       292
 90.5750       250
 90.6000       266
 90.6250       272
 90.6500       276
 90.6750       246
 90.7000       228
 90.7250       259
 90.7500       276
 90.7750       289
 90.8000       250
 90.8250       289
 90.8500       282
 90.8750       266
 90.9000       266
 90.9250       289
 90.9500       269
 90.9750       279
 91.0000       292
 91.0250       276
 91.0500       266
 91.0750       282
 91.1000       276
 91.1250       282
 91.1500       266
 91.1750       262
 91.2000       246
 91.2250       299
 91.2500       272
 91.2750       253
 91.3000       262
 91.3250       279
 91.3500       253
 91.3750       292
 91.4000       299
 91.4250       243
 91.4500       286
 91.4750       286
 91.5000       243
 91.5250       292
 91.5500       279
 91.5750       262
 91.6000       286
 91.6250       253
 91.6500       289
 91.6750       256
 91.7000       243
 91.7250       231
 91.7500       259
 91.7750       276
 91.8000       250
 91.8250       259
 91.8500       282
 91.8750       269
 91.9000       256
 91.9250       262
 91.9500       266
 91.9750       246
 92.0000       272
 92.0250       246
 92.0500       292
 92.0750       272
 92.1000       262
 92.1250       286
 92.1500       292
 92.1750       279
 92.2000       250
 92.2250       262
 92.2500       262
 92.2750       256
 92.3000       292
 92.3250       282
 92.3500       234
 92.3750       243
 92.4000       231
 92.4250       282
 92.4500       237
 92.4750       246
 92.5000       279
 92.5250       279
 92.5500       246
 92.5750       240
 92.6000       246
 92.6250       259
 92.6500       259
 92.6750       282
 92.7000       279
 92.7250       286
 92.7500       259
 92.7750       253
 92.8000       259
 92.8250       225
 92.8500       272
 92.8750       259
 92.9000       289
 92.9250       292
 92.9500       253
 92.9750       276
 93.0000       262
 93.0250       276
 93.0500       276
 93.0750       246
 93.1000       259
 93.1250       222
 93.1500       246
 93.1750       279
 93.2000       259
 93.2250       253
 93.2500       243
 93.2750       250
 93.3000       279
 93.3250       256
 93.3500       228
 93.3750       240
 93.4000       246
 93.4250       259
 93.4500       240
 93.4750       246
 93.5000       266
 93.5250       269
 93.5500       266
 93.5750       276
 93.6000       246
 93.6250       256
 93.6500       253
 93.6750       289
 93.7000       266
 93.7250       266
 93.7500       259
 93.7750       269
 93.8000       259
 93.8250       262
 93.8500       240
 93.8750       259
 93.9000       253
 93.9250       250
 93.9500       259
 93.9750       243
 94.0000       256
 94.0250       259
 94.0500       262
 94.0750       250
 94.1000       272
 94.1250       262
 94.1500       246
 94.1750       289
 94.2000       262
 94.2250       259
 94.2500       269
 94.2750       250
 94.3000       269
 94.3250       266
 94.3500       276
 94.3750       253
 94.4000       256
 94.4250       228
 94.4500       292
 94.4750       250
 94.5000       246
 94.5250       262
 94.5500       276
 94.5750       256
 94.6000       253
 94.6250       279
 94.6500       253
 94.6750       279
 94.7000       243
 94.7250       269
 94.7500       269
 94.7750       317
 94.8000       262
 94.8250       262
 94.8500       246
 94.8750       231
 94.9000       259
 94.9250       266
 94.9500       269
 94.9750       253
 95.0000       231
 95.0250       246
 95.0500       266
 95.0750       256
 95.1000       246
 95.1250       286
 95.1500       253
 95.1750       246
 95.2000       259
 95.2250       253
 95.2500       269
 95.2750       262
 95.3000       250
 95.3250       234
 95.3500       289
 95.3750       282
 95.4000       266
 95.4250       246
 95.4500       272
 95.4750       243
 95.5000       262
 95.5250       289
 95.5500       303
 95.5750       266
 95.6000       259
 95.6250       231
 95.6500       262
 95.6750       246
 95.7000       286
 95.7250       279
 95.7500       279
 95.7750       269
 95.8000       250
 95.8250       266
 95.8500       243
 95.8750       310
 95.9000       306
 95.9250       292
 95.9500       276
 95.9750       299
 96.0000       272
 96.0250       286
 96.0500       296
 96.0750       276
 96.1000       276
 96.1250       317
 96.1500       286
 96.1750       292
 96.2000       279
 96.2250       286
 96.2500       317
 96.2750       317
 96.3000       324
 96.3250       346
 96.3500       303
 96.3750       339
 96.4000       328
 96.4250       376
 96.4500       365
 96.4750       376
 96.5000       365
 96.5250       388
 96.5500       388
 96.5750       424
 96.6000       428
 96.6250       449
 96.6500       484
 96.6750       493
 96.7000       534
 96.7250       562
 96.7500       625
 96.7750       640
 96.8000       676
 96.8250       686
 96.8500       724
 96.8750       795
 96.9000       807
 96.9250       864
 96.9500       841
 96.9750       847
 97.0000       955
 97.0250       882
 97.0500       870
 97.0750       829
 97.1000       818
 97.1250       807
 97.1500       773
 97.1750       807
 97.2000       756
 97.2250       790
 97.2500       734
 97.2750       702
 97.3000       681
 97.3250       655
 97.3500       655
 97.3750       645
 97.4000       625
 97.4250       548
 97.4500       571
 97.4750       502
 97.5000       571
 97.5250       493
 97.5500       441
 97.5750       445
 97.6000       412
 97.6250       412
 97.6500       416
 97.6750       388
 97.7000       396
 97.7250       388
 97.7500       335
 97.7750       339
 97.8000       331
 97.8250       339
 97.8500       313
 97.8750       353
 97.9000       306
 97.9250       296
 97.9500       299
 97.9750       279
 98.0000       276
 98.0250       313
 98.0500       296
 98.0750       286
 98.1000       292
 98.1250       282
 98.1500       272
 98.1750       289
 98.2000       272
 98.2250       279
 98.2500       272
 98.2750       276
 98.3000       282
 98.3250       272
 98.3500       269
 98.3750       272
 98.4000       289
 98.4250       266
 98.4500       262
 98.4750       237
 98.5000       262
 98.5250       250
 98.5500       216
 98.5750       250
 98.6000       262
 98.6250       320
 98.6500       250
 98.6750       246
 98.7000       231
 98.7250       256
 98.7500       246
 98.7750       253
 98.8000       262
 98.8250       256
 98.8500       222
 98.8750       276
 98.9000       231
 98.9250       259
 98.9500       225
 98.9750       256
 99.0000       256
 99.0250       272
 99.0500       234
 99.0750       269
 99.1000       240
 99.1250       237
 99.1500       259
 99.1750       234
 99.2000       231
 99.2250       250
 99.2500       246
 99.2750       243
 99.3000       266
 99.3250       262
 99.3500       246
 99.3750       262
 99.4000       253
 99.4250       231
 99.4500       225
 99.4750       259
 99.5000       246
 99.5250       269
 99.5500       243
 99.5750       246
 99.6000       246
 99.6250       216
 99.6500       253
 99.6750       246
 99.7000       250
 99.7250       240
 99.7500       246
 99.7750       234
 99.8000       240
 99.8250       234
 99.8500       266
 99.8750       262
 99.9000       256
 99.9250       253
 99.9500       272
 99.9750       276
100.0000       266
100.0250       266
100.0500       259
100.0750       286
100.1000       259
100.1250       253
100.1500       243
100.1750       262
100.2000       256
100.2250       269
100.2500       256
100.2750       259
100.3000       269
100.3250       240
100.3500       237
100.3750       250
100.4000       246
100.4250       269
100.4500       234
100.4750       213
100.5000       240
100.5250       262
100.5500       256
100.5750       231
100.6000       228
100.6250       253
100.6500       240
100.6750       234
100.7000       228
100.7250       250
100.7500       228
100.7750       234
100.8000       237
100.8250       262
100.8500       262
100.8750       259
100.9000       269
100.9250       253
100.9500       246
100.9750       253
101.0000       256
101.0250       243
101.0500       202
101.0750       237
101.1000       259
101.1250       222
101.1500       266
101.1750       240
101.2000       259
101.2250       237
101.2500       256
101.2750       237
101.3000       296
101.3250       231
101.3500       259
101.3750       225
101.4000       234
101.4250       210
101.4500       243
101.4750       231
101.5000       243
101.5250       246
101.5500       234
101.5750       246
101.6000       240
101.6250       240
101.6500       243
101.6750       225
101.7000       272
101.7250       234
101.7500       219
101.7750       234
101.8000       259
101.8250       240
101.8500       289
101.8750       246
101.9000       272
101.9250       240
101.9500       234
101.9750       237
102.0000       240
102.0250       262
102.0500       243
102.0750       228
102.1000       222
102.1250       243
102.1500       213
102.1750       234
102.2000       234
102.2250       237
102.2500       256
102.2750       222
102.3000       213
102.3250       256
102.3500       234
102.3750       234
102.4000       237
102.4250       231
102.4500       246
102.4750       231
102.5000       246
102.5250       240
102.5500       240
102.5750       237
102.6000       269
102.6250       228
102.6500       262
102.6750       228
102.7000       237
102.7250       243
102.7500       246
102.7750       213
102.8000       237
102.8250       237
102.8500       250
102.8750       272
102.9000       253
102.9250       250
102.9500       240
102.9750       237
103.0000       216
103.0250       237
103.0500       240
103.0750       237
103.1000       225
103.1250       204
103.1500       253
103.1750       237
103.2000       237
103.2250       259
103.2500       256
103.2750       225
103.3000       253
103.3250       243
103.3500       246
103.3750       250
103.4000       234
103.4250       243
103.4500       256
103.4750       243
103.5000       240
103.5250       234
103.5500       246
103.5750       253
103.6000       259
103.6250       256
103.6500       216
103.6750       225
103.7000       219
103.7250       250
103.7500       222
103.7750       246
103.8000       240
103.8250       246
103.8500       262
103.8750       246
103.9000       262
103.9250       234
103.9500       266
103.9750       262
104.0000       228
104.0250       272
104.0500       246
104.0750       246
104.1000       253
104.1250       240
104.1500       213
104.1750       219
104.2000       246
104.2250       234
104.2500       246
104.2750       228
104.3000       237
104.3250       237
104.3500       231
104.3750       262
104.4000       262
104.4250       231
104.4500       272
104.4750       262
104.5000       253
104.5250       272
104.5500       266
104.5750       276
104.6000       259
104.6250       259
104.6500       259
104.6750       279
104.7000       269
104.7250       259
104.7500       292
104.7750       276
104.8000       272
104.8250       282
104.8500       253
104.8750       306
104.9000       320
104.9250       269
104.9500       369
104.9750       350
105.0000       331
105.0250       361
105.0500       335
105.0750       313
105.1000       369
105.1250       342
105.1500       339
105.1750       339
105.2000       357
105.2250       365
105.2500       361
105.2750       350
105.3000       365
105.3250       331
105.3500       361
105.3750       353
105.4000       357
105.4250       299
105.4500       339
105.4750       328
105.5000       317
105.5250       313
105.5500       320
105.5750       320
105.6000       320
105.6250       324
105.6500       328
105.6750       286
105.7000       282
105.7250       296
105.7500       324
105.7750       282
105.8000       299
105.8250       276
105.8500       250
105.8750       269
105.9000       292
105.9250       250
105.9500       266
105.9750       253
106.0000       276
106.0250       256
106.0500       262
106.0750       250
106.1000       259
106.1250       262
106.1500       272
106.1750       237
106.2000       237
106.2250       250
106.2500       243
106.2750       246
106.3000       272
106.3250       216
106.3500       243
106.3750       216
106.4000       250
106.4250       279
106.4500       240
106.4750       266
106.5000       259
106.5250       231
106.5500       250
106.5750       240
106.6000       228
106.6250       231
106.6500       250
106.6750       234
106.7000       225
106.7250       234
106.7500       262
106.7750       246
106.8000       231
106.8250       234
106.8500       237
106.8750       225
106.9000       225
106.9250       222
106.9500       246
106.9750       256
107.0000       234
107.0250       246
107.0500       240
107.0750       246
107.1000       196
107.1250       237
107.1500       240
107.1750       269
107.2000       246
107.2250       246
107.2500       240
107.2750       210
107.3000       234
107.3250       250
107.3500       282
107.3750       243
107.4000       216
107.4250       231
107.4500       219
107.4750       225
107.5000       240
107.5250       234
107.5500       243
107.5750       234
107.6000       213
107.6250       210
107.6500       246
107.6750       253
107.7000       237
107.7250       228
107.7500       216
107.7750       266
107.8000       228
107.8250       228
107.8500       216
107.8750       231
107.9000       262
107.9250       243
107.9500       222
107.9750       237
108.0000       240
108.0250       225
108.0500       240
108.0750       225
108.1000       231
108.1250       243
108.1500       225
108.1750       225
108.2000       246
108.2250       219
108.2500       240
108.2750       219
108.3000       216
108.3250       253
108.3500       250
108.3750       234
108.4000       231
108.4250       237
108.4500       234
108.4750       237
108.5000       246
108.5250       237
108.5500       225
108.5750       276
108.6000       202
108.6250       210
108.6500       237
108.6750       216
108.7000       231
108.7250       234
108.7500       234
108.7750       253
108.8000       231
108.8250       219
108.8500       225
108.8750       243
108.9000       240
108.9250       234
108.9500       276
108.9750       237
109.0000       228
109.0250       216
109.0500       231
109.0750       253
109.1000       225
109.1250       228
109.1500       216
109.1750       240
109.2000       234
109.2250       231
109.2500       237
109.2750       237
109.3000       207
109.3250       228
109.3500       240
109.3750       213
109.4000       228
109.4250       222
109.4500       225
109.4750       234
109.5000       222
109.5250       207
109.5500       228
109.5750       237
109.6000       222
109.6250       234
109.6500       199
109.6750       237
109.7000       213
109.7250       243
109.7500       250
109.7750       228
109.8000       222
109.8250       234
109.8500       222
109.8750       234
109.9000       219
109.9250       234
109.9500       216
109.9750       266
110.0000       225
110.0250       259
110.0500       243
110.0750       266
110.1000       228
110.1250       228
110.1500       246
110.1750       219
110.2000       228
110.2250       225
110.2500       234
110.2750       222
110.3000       250
110.3250       234
110.3500       240
110.3750       237
110.4000       240
110.4250       207
110.4500       228
110.4750       246
110.5000       234
110.5250       237
110.5500       228
110.5750       213
110.6000       250
110.6250       256
110.6500       253
110.6750       234
110.7000       256
110.7250       222
110.7500       256
110.7750       250
110.8000       225
110.8250       240
110.8500       231
110.8750       256
110.9000       219
110.9250       225
110.9500       237
110.9750       240
111.0000       234
111.0250       237
111.0500       243
111.0750       246
111.1000       286
111.1250       259
111.1500       234
111.1750       237
111.2000       246
111.2250       222
111.2500       272
111.2750       240
111.3000       246
111.3250       256
111.3500       262
111.3750       259
111.4000       253
111.4250       234
111.4500       253
111.4750       250
111.5000       243
111.5250       228
111.5500       262
111.5750       256
111.6000       231
111.6250       266
111.6500       276
111.6750       246
111.7000       250
111.7250       253
111.7500       272
111.7750       276
111.8000       256
111.8250       269
111.8500       259
111.8750       276
111.9000       269
111.9250       243
111.9500       250
111.9750       286
112.0000       269
112.0250       286
112.0500       289
112.0750       266
112.1000       262
112.1250       272
112.1500       289
112.1750       299
112.2000       259
112.2250       303
112.2500       269
112.2750       266
112.3000       276
112.3250       282
112.3500       269
112.3750       303
112.4000       310
112.4250       269
112.4500       282
112.4750       262
112.5000       286
112.5250       331
112.5500       299
112.5750       313
112.6000       313
112.6250       339
112.6500       306
112.6750       384
112.7000       361
112.7250       357
112.7500       328
112.7750       350
112.8000       392
112.8250       388
112.8500       380
112.8750       388
112.9000       400
112.9250       396
112.9500       416
112.9750       420
113.0000       462
113.0250       445
113.0500       445
113.0750       471
113.1000       524
113.1250       497
113.1500       515
113.1750       538
113.2000       557
113.2250       571
113.2500       566
113.2750       562
113.3000       590
113.3250       600
113.3500       605
113.3750       708
113.4000       660
113.4250       692
113.4500       713
113.4750       751
113.5000       756
113.5250       795
113.5500       790
113.5750       835
113.6000       847
113.6250       807
113.6500       818
113.6750       812
113.7000       835
113.7250       882
113.7500       853
113.7750       888
113.8000       876
113.8250       918
113.8500       835
113.8750       807
113.9000       778
113.9250       818
113.9500       812
113.9750       812
114.0000       818
114.0250       751
114.0500       795
114.0750       801
114.1000       740
114.1250       729
114.1500       740
114.1750       790
114.2000       708
114.2250       702
114.2500       713
114.2750       610
114.3000       645
114.3250       600
114.3500       595
114.3750       605
114.4000       586
114.4250       610
114.4500       576
114.4750       524
114.5000       543
114.5250       562
114.5500       484
114.5750       471
114.6000       412
114.6250       471
114.6500       462
114.6750       475
114.7000       369
114.7250       416
114.7500       424
114.7750       396
114.8000       369
114.8250       392
114.8500       408
114.8750       384
114.9000       376
114.9250       342
114.9500       350
114.9750       339
115.0000       353
115.0250       335
115.0500       335
115.0750       328
115.1000       292
115.1250       303
115.1500       320
115.1750       317
115.2000       266
115.2250       306
115.2500       310
115.2750       282
115.3000       276
115.3250       299
115.3500       299
115.3750       262
115.4000       276
115.4250       246
115.4500       282
115.4750       282
115.5000       276
115.5250       231
115.5500       276
115.5750       246
115.6000       289
115.6250       253
115.6500       269
115.6750       276
115.7000       219
115.7250       256
115.7500       262
115.7750       234
115.8000       234
115.8250       256
115.8500       259
115.8750       276
115.9000       279
115.9250       237
115.9500       253
115.9750       253
116.0000       262
116.0250       259
116.0500       250
116.0750       240
116.1000       225
116.1250       269
116.1500       243
116.1750       266
116.2000       269
116.2250       246
116.2500       243
116.2750       246
116.3000       240
116.3250       216
116.3500       228
116.3750       243
116.4000       253
116.4250       219
116.4500       222
116.4750       234
116.5000       219
116.5250       234
116.5500       243
116.5750       240
116.6000       225
116.6250       246
116.6500       225
116.6750       256
116.7000       237
116.7250       246
116.7500       225
116.7750       243
116.8000       243
116.8250       225
116.8500       222
116.8750       207
116.9000       228
116.9250       246
116.9500       204
116.9750       216
117.0000       250
117.0250       243
117.0500       250
117.0750       222
117.1000       243
117.1250       250
117.1500       207
117.1750       237
117.2000       234
117.2250       228
117.2500       213
117.2750       225
117.3000       250
117.3250       240
117.3500       234
117.3750       216
117.4000       234
117.4250       222
117.4500       231
117.4750       225
117.5000       222
117.5250       237
117.5500       213
117.5750       228
117.6000       237
117.6250       222
117.6500       204
117.6750       228
117.7000       234
117.7250       219
117.7500       228
117.7750       213
117.8000       243
117.8250       228
117.8500       231
117.8750       219
117.9000       228
117.9250       250
117.9500       243
117.9750       237
118.0000       225
118.0250       210
118.0500       237
118.0750       219
118.1000       204
118.1250       231
118.1500       243
118.1750       240
118.2000       234
118.2250       231
118.2500       246
118.2750       216
118.3000       228
118.3250       225
118.3500       240
118.3750       225
118.4000       196
118.4250       222
118.4500       202
118.4750       219
118.5000       253
118.5250       231
118.5500       207
118.5750       237
118.6000       228
118.6250       259
118.6500       219
118.6750       219
118.7000       231
118.7250       225
118.7500       222
118.7750       202
118.8000       207
118.8250       222
118.8500       228
118.8750       234
118.9000       234
118.9250       237
118.9500       243
118.9750       213
119.0000       246
119.0250       207
119.0500       225
119.0750       213
119.1000       219
119.1250       190
119.1500       213
119.1750       196
119.2000       243
119.2250       228
119.2500       210
119.2750       219
119.3000       193
119.3250       231
119.3500       207
119.3750       172
119.4000       228
119.4250       225
119.4500       234
119.4750       219
119.5000       199
119.5250       231
119.5500       225
119.5750       228
119.6000       193
119.6250       222
119.6500       253
119.6750       222
119.7000       250
119.7250       213
119.7500       207
119.7750       234
119.8000       190
119.8250       213
119.8500       234
119.8750       213
119.9000       222
119.9250       228
119.9500       228
119.9750       196
120.0000       210
120.0250       225
120.0500       190
120.0750       210
120.1000       231
120.1250       225
120.1500       234
120.1750       234
120.2000       231
120.2250       204
120.2500       250
120.2750       234
120.3000       219
120.3250       231
120.3500       210
120.3750       225
120.4000       240
120.4250       237
120.4500       216
120.4750       225
120.5000       231
120.5250       222
120.5500       243
120.5750       234
120.6000       202
120.6250       246
120.6500       243
120.6750       225
120.7000       219
120.7250       216
120.7500       222
120.7750       240
120.8000       216
120.8250       219
120.8500       210
120.8750       234
120.9000       225
120.9250       256
120.9500       219
120.9750       259
121.0000       219
121.0250       240
121.0500       253
121.0750       219
121.1000       243
121.1250       222
121.1500       225
121.1750       234
121.2000       240
121.2250       196
121.2500       210
121.2750       237
121.3000       196
121.3250       231
121.3500       213
121.3750       225
121.4000       210
121.4250       237
121.4500       256
121.4750       216
121.5000       266
121.5250       225
121.5500       243
121.5750       228
121.6000       234
121.6250       259
121.6500       253
121.6750       231
121.7000       256
121.7250       243
121.7500       228
121.7750       202
121.8000       228
121.8250       237
121.8500       237
121.8750       225
121.9000       234
121.9250       237
121.9500       210
121.9750       234
122.0000       269
122.0250       243
122.0500       237
122.0750       262
122.1000       234
122.1250       259
122.1500       262
122.1750       256
122.2000       246
122.2250       259
122.2500       234
122.2750       262
122.3000       266
122.3250       231
122.3500       246
122.3750       286
122.4000       272
122.4250       240
122.4500       306
122.4750       296
122.5000       256
122.5250       269
122.5500       292
122.5750       292
122.6000       266
122.6250       276
122.6500       296
122.6750       289
122.7000       296
122.7250       282
122.7500       289
122.7750       282
122.8000       296
122.8250       306
122.8500       256
122.8750       303
122.9000       253
122.9250       282
122.9500       289
122.9750       299
123.0000       299
123.0250       282
123.0500       243
123.0750       276
123.1000       320
123.1250       282
123.1500       296
123.1750       269
123.2000       266
123.2250       250
123.2500       286
123.2750       276
123.3000       266
123.3250       282
123.3500       276
123.3750       276
123.4000       282
123.4250       296
123.4500       299
123.4750       272
123.5000       262
123.5250       269
123.5500       266
123.5750       276
123.6000       243
123.6250       243
123.6500       272
123.6750       299
123.7000       259
123.7250       256
123.7500       250
123.7750       272
123.8000       279
123.8250       243
123.8500       266
123.8750       231
123.9000       225
123.9250       222
123.9500       234
123.9750       228
124.0000       237
124.0250       259
124.0500       246
124.0750       243
124.1000       250
124.1250       243
124.1500       228
124.1750       231
124.2000       256
124.2250       250
124.2500       234
124.2750       246
124.3000       253
124.3250       243
124.3500       246
124.3750       256
124.4000       243
124.4250       250
124.4500       219
124.4750       228
124.5000       259
124.5250       234
124.5500       228
124.5750       228
124.6000       234
124.6250       246
124.6500       243
124.6750       234
124.7000       216
124.7250       246
124.7500       231
124.7750       250
124.8000       213
124.8250       243
124.8500       193
124.8750       237
124.9000       262
124.9250       213
124.9500       216
124.9750       219
125.0000       228
125.0250       246
125.0500       250
125.0750       234
125.1000       228
125.1250       253
125.1500       250
125.1750       262
125.2000       231
125.2250       228
125.2500       216
125.2750       237
125.3000       216
125.3250       234
125.3500       237
125.3750       243
125.4000       219
125.4250       237
125.4500       237
125.4750       222
125.5000       228
125.5250       237
125.5500       237
125.5750       213
125.6000       222
125.6250       231
125.6500       193
125.6750       237
125.7000       228
125.7250       234
125.7500       237
125.7750       231
125.8000       246
125.8250       228
125.8500       243
125.8750       231
125.9000       219
125.9250       231
125.9500       234
125.9750       250
126.0000       246
126.0250       250
126.0500       237
126.0750       243
126.1000       228
126.1250       250
126.1500       216
126.1750       222
126.2000       222
126.2250       243
126.2500       213
126.2750       216
126.3000       237
126.3250       210
126.3500       234
126.3750       225
126.4000       196
126.4250       216
126.4500       213
126.4750       216
126.5000       246
126.5250       219
126.5500       222
126.5750       231
126.6000       243
126.6250       228
126.6500       243
126.6750       228
126.7000       246
126.7250       222
126.7500       222
126.7750       259
126.8000       246
126.8250       207
126.8500       253
126.8750       234
126.9000       222
126.9250       228
126.9500       237
126.9750       216
127.0000       256
127.0250       225
127.0500       213
127.0750       246
127.1000       213
127.1250       222
127.1500       222
127.1750       256
127.2000       222
127.2250       246
127.2500       219
127.2750       243
127.3000       262
127.3250       240
127.3500       253
127.3750       207
127.4000       234
127.4250       225
127.4500       222
127.4750       213
127.5000       259
127.5250       234
127.5500       246
127.5750       253
127.6000       246
127.6250       207
127.6500       237
127.6750       259
127.7000       213
127.7250       231
127.7500       225
127.7750       228
127.8000       228
127.8250       253
127.8500       243
127.8750       234
127.9000       228
127.9250       240
127.9500       234
127.9750       231
128.0000       216
128.0250       246
128.0500       234
128.0750       222
128.1000       204
128.1250       246
128.1500       222
128.1750       234
128.2000       207
128.2250       240
128.2500       225
128.2750       246
128.3000       237
128.3250       231
128.3500       225
128.3750       243
128.4000       237
128.4250       246
128.4500       256
128.4750       237
128.5000       256
128.5250       253
128.5500       216
128.5750       222
128.6000       225
128.6250       202
128.6500       225
128.6750       250
128.7000       240
128.7250       231
128.7500       222
128.7750       213
128.8000       222
128.8250       225
128.8500       246
128.8750       213
128.9000       222
128.9250       213
128.9500       240
128.9750       231
129.0000       246
129.0250       237
129.0500       240
129.0750       222
129.1000       219
129.1250       234
129.1500       228
129.1750       225
129.2000       231
129.2250       234
129.2500       234
129.2750       210
129.3000       237
129.3250       234
129.3500       259
129.3750       240
129.4000       240
129.4250       246
129.4500       231
129.4750       216
129.5000       225
129.5250       246
129.5500       213
129.5750       259
129.6000       219
129.6250       207
129.6500       204
129.6750       213
129.7000       234
129.7250       216
129.7500       250
129.7750       231
129.8000       231
129.8250       237
129.8500       225
129.8750       256
129.9000       225
129.9250       219
129.9500       231
129.9750       231
130.0000       246
130.0250       250
130.0500       240
130.0750       222
130.1000       225
130.1250       259
130.1500       250
130.1750       231
130.2000       210
130.2250       276
130.2500       225
130.2750       225
130.3000       216
130.3250       234
130.3500       228
130.3750       262
130.4000       213
130.4250       253
130.4500       222
130.4750       222
130.5000       253
130.5250       234
130.5500       243
130.5750       272
130.6000       240
130.6250       234
130.6500       213
130.6750       225
130.7000       222
130.7250       222
130.7500       286
130.7750       243
130.8000       246
130.8250       259
130.8500       243
130.8750       250
130.9000       253
130.9250       259
130.9500       240
130.9750       262
131.0000       243
131.0250       237
131.0500       286
131.0750       246
131.1000       253
131.1250       250
131.1500       266
131.1750       250
131.2000       246
131.2250       262
131.2500       207
131.2750       266
131.3000       259
131.3250       253
131.3500       246
131.3750       246
131.4000       250
131.4250       237
131.4500       240
131.4750       225
131.5000       246
131.5250       286
131.5500       289
131.5750       296
131.6000       240
131.6250       282
131.6500       207
131.6750       269
131.7000       259
131.7250       243
131.7500       237
131.7750       279
131.8000       289
131.8250       262
131.8500       259
131.8750       269
131.9000       286
131.9250       272
131.9500       279
131.9750       282
132.0000       289
132.0250       272
132.0500       286
132.0750       276
132.1000       286
132.1250       292
132.1500       279
132.1750       279
132.2000       292
132.2250       335
132.2500       313
132.2750       339
132.3000       313
132.3250       286
132.3500       296
132.3750       306
132.4000       320
132.4250       313
132.4500       313
132.4750       328
132.5000       339
132.5250       372
132.5500       339
132.5750       396
132.6000       350
132.6250       376
132.6500       372
132.6750       400
132.7000       416
132.7250       449
132.7500       433
132.7750       441
132.8000       484
132.8250       480
132.8500       484
132.8750       511
132.9000       480
132.9250       497
132.9500       475
132.9750       480
133.0000       552
133.0250       484
133.0500       543
133.0750       515
133.1000       543
133.1250       511
133.1500       497
133.1750       471
133.2000       511
133.2250       462
133.2500       502
133.2750       524
133.3000       511
133.3250       454
133.3500       467
133.3750       416
133.4000       424
133.4250       420
133.4500       441
133.4750       467
133.5000       458
133.5250       445
133.5500       420
133.5750       433
133.6000       449
133.6250       412
133.6500       433
133.6750       437
133.7000       428
133.7250       376
133.7500       480
133.7750       420
133.8000       412
133.8250       424
133.8500       392
133.8750       376
133.9000       369
133.9250       396
133.9500       376
133.9750       350
134.0000       339
134.0250       346
134.0500       372
134.0750       328
134.1000       324
134.1250       350
134.1500       320
134.1750       276
134.2000       313
134.2250       296
134.2500       299
134.2750       292
134.3000       324
134.3250       303
134.3500       262
134.3750       286
134.4000       299
134.4250       276
134.4500       282
134.4750       272
134.5000       289
134.5250       262
134.5500       286
134.5750       272
134.6000       276
134.6250       272
134.6500       243
134.6750       272
134.7000       296
134.7250       256
134.7500       279
134.7750       262
134.8000       272
134.8250       286
134.8500       279
134.8750       240
134.9000       262
134.9250       306
134.9500       276
134.9750       303
135.0000       292
135.0250       269
135.0500       262
135.0750       253
135.1000       250
135.1250       228
135.1500       266
135.1750       259
135.2000       286
135.2250       269
135.2500       243
135.2750       266
135.3000       276
135.3250       296
135.3500       269
135.3750       240
135.4000       269
135.4250       306
135.4500       296
135.4750       286
135.5000       259
135.5250       276
135.5500       266
135.5750       240
135.6000       250
135.6250       259
135.6500       234
135.6750       292
135.7000       266
135.7250       246
135.7500       243
135.7750       246
135.8000       234
135.8250       240
135.8500       296
135.8750       253
135.9000       231
135.9250       253
135.9500       262
135.9750       256
136.0000       262
136.0250       259
136.0500       272
136.0750       306
136.1000       243
136.1250       262
136.1500       276
136.1750       299
136.2000       259
136.2250       253
136.2500       250
136.2750       286
136.3000       234
136.3250       266
136.3500       296
136.3750       259
136.4000       262
136.4250       259
136.4500       272
136.4750       292
136.5000       253
136.5250       262
136.5500       243
136.5750       256
136.6000       250
136.6250       279
136.6500       256
136.6750       253
136.7000       266
136.7250       246
136.7500       272
136.7750       259
136.8000       243
136.8250       279
136.8500       292
136.8750       262
136.9000       253
136.9250       272
136.9500       262
136.9750       269
137.0000       279
137.0250       262
137.0500       240
137.0750       292
137.1000       256
137.1250       256
137.1500       240
137.1750       256
137.2000       240
137.2250       262
137.2500       253
137.2750       237
137.3000       266
137.3250       262
137.3500       272
137.3750       253
137.4000       250
137.4250       259
137.4500       289
137.4750       282
137.5000       256
137.5250       279
137.5500       269
137.5750       262
137.6000       250
137.6250       262
137.6500       243
137.6750       262
137.7000       276
137.7250       266
137.7500       282
137.7750       262
137.8000       240
137.8250       246
137.8500       259
137.8750       240
137.9000       292
137.9250       266
137.9500       276
137.9750       292
138.0000       253
138.0250       282
138.0500       269
138.0750       259
138.1000       231
138.1250       279
138.1500       266
138.1750       250
138.2000       259
138.2250       269
138.2500       279
138.2750       292
138.3000       250
138.3250       276
138.3500       243
138.3750       253
138.4000       292
138.4250       262
138.4500       246
138.4750       266
138.5000       286
138.5250       286
138.5500       259
138.5750       262
138.6000       246
138.6250       299
138.6500       250
138.6750       243
138.7000       253
138.7250       282
138.7500       266
138.7750       262
138.8000       276
138.8250       246
138.8500       282
138.8750       279
138.9000       276
138.9250       272
138.9500       279
138.9750       286
139.0000       266
139.0250       282
139.0500       246
139.0750       262
139.1000       262
139.1250       272
139.1500       253
139.1750       246
139.2000       250
139.2250       269
139.2500       306
139.2750       279
139.3000       269
139.3250       286
139.3500       253
139.3750       246
139.4000       286
139.4250       253
139.4500       269
139.4750       279
139.5000       282
139.5250       276
139.5500       303
139.5750       276
139.6000       266
139.6250       256
139.6500       286
139.6750       231
139.7000       262
139.7250       256
139.7500       228
139.7750       262
139.8000       324
139.8250       266
139.8500       266
139.8750       250
139.9000       253
139.9250       292
139.9500       253
139.9750       266
140.0000       272
