      298.28     -0.2462      262.00   14
      297.24     -0.2480      286.27   14
      296.22     -0.2483      301.27   14
      295.17     -0.2522      313.52   14
      294.16     -0.2547      323.90   14
      293.06     -0.2565      334.28   14
      291.94     -0.2572      344.66   14
      290.91     -0.2569      355.04   14
      289.84     -0.2568      366.57   14
      288.70     -0.2560      376.96   14
      287.57     -0.2559      385.03   14
      286.37     -0.2553      391.95   14
      285.21     -0.2550      397.72   14
      284.21     -0.2548      402.33   14
      283.14     -0.2541      406.94   14
      282.03     -0.2541      411.56   14
      280.89     -0.2535      416.17   14
      279.72     -0.2532      420.79   14
      278.54     -0.2529      425.40   14
      277.34     -0.2525      430.01   14
      276.14     -0.2521      434.63   14
      274.92     -0.2516      439.24   14
      273.88     -0.2511      442.70   14
      272.60     -0.2510      447.59   14
      271.32     -0.2503      452.42   14
      270.05     -0.2501      457.26   14
      268.77     -0.2494      462.09   14
      267.51     -0.2494      466.87   14
      266.24     -0.2489      471.70   14
      264.96     -0.2482      476.59   14
      263.69     -0.2480      481.42   14
      262.52     -0.2475      486.26   14
      261.20     -0.2470      491.31   14
      259.88     -0.2465      496.36   14
      258.56     -0.2460      501.42   14
      257.24     -0.2455      506.47   14
      255.93     -0.2449      511.52   14
      254.62     -0.2444      516.58   14
      253.32     -0.2441      521.63   14
      252.02     -0.2433      526.68   14
      250.72     -0.2425      531.74   14
      249.43     -0.2421      536.79   14
      248.14     -0.2415      541.84   14
      246.86     -0.2408      546.89   14
      245.58     -0.2405      551.95   14
      244.31     -0.2399      557.00   14
      243.04     -0.2392      562.05   14
      241.78     -0.2387      567.11   14
      240.53     -0.2383      572.16   14
      239.28     -0.2376      577.21   14
      238.04     -0.2371      582.27   14
      236.80     -0.2364      587.32   14
      235.57     -0.2358      592.37   14
      234.35     -0.2351      597.43   14
      233.13     -0.2348      602.48   14
      231.92     -0.2342      607.53   14
      230.71     -0.2336      612.59   14
      229.52     -0.2333      617.64   14
      228.32     -0.2332      622.69   14
      227.14     -0.2326      627.75   14
      225.96     -0.2323      632.80   14
      224.79     -0.2317      637.85   14
      223.63     -0.2313      642.90   14
      222.47     -0.2306      647.96   14
      221.32     -0.2304      653.01   14
      220.17     -0.2297      658.06   14
      219.04     -0.2289      663.12   14
      217.91     -0.2287      668.17   14
      216.78     -0.2281      673.22   14
      215.67     -0.2278      678.28   14
      214.56     -0.2275      683.33   14
      213.46     -0.2267      688.38   14
      212.36     -0.2266      693.44   14
      211.27     -0.2261      698.49   14
      210.19     -0.2259      703.54   14
      209.12     -0.2252      708.60   14
      208.05     -0.2248      713.65   14
      206.99     -0.2247      718.70   14
      205.94     -0.2239      723.75   14
      204.89     -0.2232      728.81   14
      203.86     -0.2231      733.86   14
      202.82     -0.2225      738.91   14
      201.80     -0.2220      743.97   14
      200.78     -0.2215      749.02   14
      199.77     -0.2211      754.07   14
      198.76     -0.2208      759.13   14
      197.52     -0.2205      765.44   14
      196.28     -0.2200      771.76   14
      195.06     -0.2193      778.08   14
      193.85     -0.2189      784.39   14
      192.64     -0.2179      790.71   14
      191.45     -0.2178      797.03   14
      190.26     -0.2174      803.34   14
      189.09     -0.2172      809.66   14
      187.93     -0.2167      815.97   14
      186.77     -0.2162      822.29   14
      185.63     -0.2157      828.61   14
      184.50     -0.2154      834.92   14
      183.37     -0.2152      841.24   14
      182.25     -0.2147      847.56   14
      181.15     -0.2141      853.87   14
      180.05     -0.2139      860.19   14
      178.96     -0.2136      866.51   14
      177.88     -0.2129      872.82   14
      176.81     -0.2131      879.14   14
      175.75     -0.2129      885.46   14
      174.70     -0.2123      891.77   14
      173.65     -0.2120      898.09   14
      172.62     -0.2116      904.40   14
      171.59     -0.2116      910.72   14
      170.58     -0.2114      917.04   14
      169.57     -0.2109      923.35   14
      168.37     -0.2109      930.93   14
      167.19     -0.2107      938.51   14
      166.03     -0.2103      946.09   14
      164.87     -0.2103      953.67   14
      163.73     -0.2102      961.25   14
      162.60     -0.2101      968.83   14
      161.49     -0.2099      976.41   14
      160.39     -0.2099      983.99   14
      159.30     -0.2093      991.57   14
      158.23     -0.2097      999.15   14
      157.17     -0.2093     1006.73   14
      156.12     -0.2087     1014.31   14
      155.09     -0.2085     1021.89   14
      154.07     -0.2086     1029.47   14
      153.06     -0.2085     1037.05   14
      151.90     -0.2085     1045.89   14
      150.76     -0.2084     1054.74   14
      149.64     -0.2077     1063.58   14
      148.53     -0.2080     1072.42   14
      147.44     -0.2078     1081.26   14
      146.37     -0.2075     1090.11   14
      145.31     -0.2075     1098.95   14
      144.27     -0.2072     1107.79   14
      143.25     -0.2071     1116.64   14
      142.24     -0.2073     1125.48   14
      141.11     -0.2070     1135.59   14
      139.99     -0.2070     1145.69   14
      138.90     -0.2068     1155.80   14
      137.82     -0.2067     1165.91   14
      136.77     -0.2065     1176.01   14
      135.73     -0.2062     1186.12   14
      134.71     -0.2063     1196.22   14
      133.71     -0.2061     1206.33   14
      132.61     -0.2058     1217.70   14
      131.53     -0.2060     1229.07   14
      130.47     -0.2060     1240.44   14
      129.43     -0.2059     1251.81   14
      128.41     -0.2058     1263.18   14
      127.30     -0.2055     1275.81   14
      126.22     -0.2051     1288.44   14
      125.17     -0.2050     1301.08   14
      124.14     -0.2045     1313.71   14
      123.13     -0.2047     1326.34   14
      122.05     -0.2044     1340.24   14
      120.99     -0.2047     1354.13   14
      119.97     -0.2047     1368.03   14
      118.97     -0.2045     1381.93   14
      117.91     -0.2046     1397.09   14
      116.87     -0.2042     1412.25   14
      115.87     -0.2044     1427.41   14
      114.82     -0.2041     1443.83   14
      113.79     -0.2041     1460.25   14
      112.73     -0.2041     1477.94   14
      111.70     -0.2040     1495.62   14
      110.64     -0.2041     1514.57   14
      109.61     -0.2035     1533.52   14
      108.56     -0.2038     1553.73   14
      107.54     -0.2035     1573.95   14
      106.51     -0.2035     1595.42   14
      105.46     -0.2035     1618.16   14
      104.44     -0.2035     1641.34   14
      104.33     -0.2034     1643.87   14
      104.23     -0.2035     1646.39   14
      104.12     -0.2034     1648.92   14
      104.01     -0.2033     1651.45   14
      103.91     -0.2035     1653.97   14
      103.80     -0.2034     1656.50   14
      103.70     -0.2034     1659.03   14
      103.59     -0.2035     1661.55   14
      103.49     -0.2031     1664.08   14
      103.39     -0.2031     1666.61   14
      103.28     -0.2036     1669.13   14
      103.18     -0.2032     1671.66   14
      103.08     -0.2029     1674.19   14
      102.98     -0.2032     1676.71   14
      102.88     -0.2033     1679.24   14
      102.77     -0.2031     1681.77   14
      102.67     -0.2034     1684.29   14
      102.53     -0.2034     1688.08   14
      102.38     -0.2035     1691.87   14
      102.23     -0.2035     1695.66   14
      102.08     -0.2036     1699.45   14
      101.94     -0.2034     1703.24   14
      101.80     -0.2034     1707.03   14
      101.65     -0.2034     1710.82   14
      101.51     -0.2035     1714.61   14
      101.37     -0.2033     1718.40   14
      101.23     -0.2033     1722.19   14
      101.10     -0.2035     1725.98   14
      100.96     -0.2034     1729.77   14
      100.82     -0.2033     1733.56   14
      100.69     -0.2033     1737.35   14
      100.56     -0.2031     1741.14   14
      100.42     -0.2029     1744.93   14
      100.29     -0.2031     1748.72   14
      100.16     -0.2033     1752.51   14
      100.03     -0.2031     1756.30   14
       99.90     -0.2033     1760.09   14
       99.77     -0.2032     1763.88   14
       99.65     -0.2032     1767.67   14
       99.52     -0.2031     1771.46   14
       99.39     -0.2029     1775.25   14
       99.27     -0.2028     1779.04   14
       99.15     -0.2030     1782.83   14
       99.03     -0.2030     1786.62   14
       98.91     -0.2029     1790.41   14
       98.79     -0.2029     1794.20   14
       98.66     -0.2033     1797.99   14
       98.55     -0.2035     1801.78   14
       98.43     -0.2028     1805.57   14
       98.31     -0.2031     1809.36   14
       98.19     -0.2032     1813.15   14
       98.08     -0.2032     1816.94   14
       97.97     -0.2030     1820.73   14
       97.85     -0.2031     1824.52   14
       97.75     -0.2030     1828.31   14
       97.63     -0.2032     1832.10   14
       97.52     -0.2032     1835.89   14
       97.41     -0.2028     1839.68   14
       97.30     -0.2029     1843.47   14
       97.19     -0.2027     1847.26   14
       97.09     -0.2029     1851.05   14
       96.98     -0.2028     1854.84   14
       96.87     -0.2029     1858.63   14
       96.77     -0.2029     1862.42   14
       96.66     -0.2029     1866.21   14
       96.56     -0.2031     1869.99   14
       96.46     -0.2030     1873.78   14
       96.36     -0.2029     1877.57   14
       96.26     -0.2031     1881.36   14
       96.12     -0.2031     1886.42   14
       95.99     -0.2028     1891.47   14
       95.86     -0.2030     1896.52   14
       95.73     -0.2031     1901.58   14
       95.61     -0.2027     1906.63   14
       95.48     -0.2030     1911.68   14
       95.35     -0.2027     1916.74   14
       95.23     -0.2026     1921.79   14
       95.11     -0.2027     1926.84   14
       94.99     -0.2027     1931.90   14
       94.86     -0.2026     1936.95   14
       94.75     -0.2016     1942.00   14
       94.63     -0.1987     1947.06   14
       94.51     -0.1939     1952.11   14
       94.40     -0.1883     1957.16   14
       94.28     -0.1835     1962.21   14
       94.17     -0.1782     1967.27   14
       94.06     -0.1735     1972.32   14
       93.95     -0.1682     1977.37   14
       93.84     -0.1635     1982.43   14
       93.73     -0.1578     1987.48   14
       93.62     -0.1530     1992.53   14
       93.52     -0.1473     1997.59   14
       93.41     -0.1420     2002.64   14
       93.31     -0.1363     2007.69   14
       93.21     -0.1300     2012.75   14
       93.10     -0.1239     2017.80   14
       93.00     -0.1168     2022.85   14
       92.88     -0.1076     2029.17   14
       92.75     -0.0973     2035.49   14
       92.63     -0.0852     2041.80   14
       92.54     -0.0745     2046.86   14
       92.44     -0.0619     2051.91   14
       92.37     -0.0515     2055.70   14
       92.30     -0.0400     2059.49   14
       92.23     -0.0274     2063.28   14
       92.16     -0.0146     2067.07   14
       92.09     -0.0011     2070.86   14
       92.03      0.0120     2074.65   14
       91.96      0.0249     2078.44   14
       91.89      0.0375     2082.23   14
       91.83      0.0492     2086.02   14
       91.76      0.0596     2089.81   14
       91.67      0.0726     2094.86   14
       91.59      0.0838     2099.91   14
       91.50      0.0941     2104.97   14
       91.42      0.1042     2110.02   14
       91.31      0.1165     2116.34   14
       91.22      0.1272     2121.83   14
       91.14      0.1374     2126.94   14
       91.06      0.1476     2131.99   14
       90.98      0.1577     2137.04   14
       90.90      0.1678     2142.10   14
       90.80      0.1793     2148.41   14
       90.70      0.1902     2154.73   14
       90.59      0.2019     2162.31   14
       90.48      0.2119     2169.89   14
       90.36      0.2207     2177.47   14
       90.26      0.2278     2185.05   14
       90.15      0.2341     2192.63   14
       90.04      0.2395     2200.21   14
       89.94      0.2440     2207.79   14
       89.83      0.2478     2215.37   14
       89.73      0.2512     2222.95   14
       89.63      0.2542     2230.53   14
       89.52      0.2572     2239.37   14
       89.40      0.2595     2248.21   14
       89.29      0.2617     2257.05   14
       89.18      0.2637     2265.90   14
       89.08      0.2653     2274.74   14
       88.97      0.2667     2283.58   14
       88.87      0.2679     2292.43   14
       88.77      0.2689     2301.27   14
       88.65      0.2700     2311.38   14
       88.54      0.2713     2321.48   14
       88.43      0.2721     2331.59   14
       88.32      0.2730     2341.70   14
       88.22      0.2737     2351.80   14
       88.11      0.2745     2361.91   14
       88.01      0.2752     2372.01   14
       87.90      0.2757     2383.38   14
       87.79      0.2760     2394.75   14
       87.68      0.2765     2406.12   14
       87.58      0.2771     2417.49   14
       87.48      0.2771     2428.86   14
       87.38      0.2779     2440.23   14
       87.27      0.2781     2452.86   14
       87.16      0.2784     2465.50   14
       87.06      0.2791     2478.13   14
       86.95      0.2790     2490.76   14
       86.85      0.2793     2504.66   14
       86.74      0.2794     2518.56   14
       86.64      0.2799     2532.45   14
       86.54      0.2800     2546.35   14
       86.43      0.2804     2561.51   14
       86.33      0.2808     2576.67   14
       86.22      0.2806     2591.83   14
       86.12      0.2811     2608.25   14
       86.01      0.2813     2624.67   14
       85.91      0.2812     2641.09   14
       85.81      0.2813     2658.78   14
       85.71      0.2817     2676.47   14
       85.60      0.2819     2695.42   14
       85.50      0.2821     2714.36   14
       85.40      0.2822     2734.58   14
       85.30      0.2824     2754.79   14
       85.19      0.2824     2776.27   14
       85.09      0.2825     2799.00   14
       84.99      0.2827     2821.74   14
       84.88      0.2826     2845.75   14
       84.78      0.2831     2871.01   14
       84.68      0.2831     2897.54   14
       84.57      0.2834     2925.33   14
       84.47      0.2835     2954.39   14
       84.37      0.2834     2984.71   14
       84.27      0.2834     3016.29   14
       84.17      0.2837     3050.40   14
       84.07      0.2836     3085.77   14
       83.96      0.2841     3123.67   14
       83.86      0.2839     3164.09   14
       83.76      0.2839     3207.05   14
       83.66      0.2845     3252.52   14
       83.56      0.2845     3301.79   14
       83.46      0.2848     3356.11   14
       83.36      0.2843     3415.49   14
       83.26      0.2846     3474.20   14
       83.18      0.2858     3536.49   14
       83.34      0.2859     3574.44   14
       83.60      0.2855     3595.09   10
       83.71      0.2852     3601.41   10
       83.83      0.2855     3607.73   10
       83.93      0.2853     3612.78   10
       84.04      0.2853     3617.83   10
       84.15      0.2852     3622.89   10
       84.27      0.2851     3627.94   10
       84.39      0.2851     3632.99   10
       84.51      0.2850     3638.05   10
       84.64      0.2845     3643.10   10
       84.76      0.2845     3648.15   10
       84.89      0.2843     3653.21   10
       85.03      0.2842     3658.26   10
       85.16      0.2840     3663.31   10
       85.26      0.2838     3667.10   10
       85.39      0.2836     3672.16   10
       85.50      0.2837     3675.95   10
       85.60      0.2833     3679.73   10
       85.71      0.2833     3683.52   10
       85.81      0.2835     3687.31   10
       85.92      0.2832     3691.10   10
       86.02      0.2831     3694.89   10
       86.13      0.2831     3698.68   10
       86.23      0.2828     3702.47   10
       86.34      0.2828     3706.26   10
       86.44      0.2823     3710.05   10
       86.55      0.2820     3713.84   10
       86.66      0.2822     3717.63   10
       86.76      0.2818     3721.42   10
       86.87      0.2817     3725.21   10
       86.98      0.2813     3729.00   10
       87.09      0.2816     3732.79   10
       87.19      0.2808     3736.58   10
       87.30      0.2808     3740.37   10
       87.41      0.2804     3744.16   10
       87.52      0.2798     3747.95   10
       87.62      0.2797     3751.74   10
       87.73      0.2793     3755.53   10
       87.84      0.2793     3759.32   10
       87.95      0.2786     3763.11   10
       88.05      0.2782     3766.90   10
       88.16      0.2779     3770.69   10
       88.27      0.2775     3774.48   10
       88.37      0.2770     3778.27   10
       88.48      0.2767     3782.06   10
       88.59      0.2761     3785.85   10
       88.70      0.2753     3789.64   10
       88.80      0.2747     3793.43   10
       88.91      0.2744     3797.22   10
       89.01      0.2730     3801.01   10
       89.12      0.2722     3804.80   10
       89.23      0.2718     3808.59   10
       89.33      0.2701     3812.38   10
       89.44      0.2694     3816.17   10
       89.54      0.2682     3819.96   10
       89.65      0.2666     3823.75   10
       89.75      0.2643     3827.54   10
       89.85      0.2625     3831.33   10
       89.96      0.2608     3835.12   10
       90.06      0.2585     3838.91   10
       90.16      0.2565     3842.70   10
       90.27      0.2536     3846.49   10
       90.37      0.2504     3850.28   10
       90.47      0.2471     3854.07   10
       90.57      0.2432     3857.86   10
       90.68      0.2389     3861.65   10
       90.78      0.2342     3865.44   10
       90.88      0.2283     3869.23   10
       90.98      0.2217     3873.02   10
       91.11      0.2113     3878.07   10
       91.25      0.1996     3883.12   10
       91.35      0.1895     3886.91   10
       91.44      0.1787     3890.70   10
       91.54      0.1670     3894.49   10
       91.64      0.1551     3898.28   10
       91.74      0.1430     3902.07   10
       91.84      0.1308     3905.86   10
       91.94      0.1182     3910.04   10
       92.04      0.1068     3913.83   10
       92.14      0.0960     3917.62   10
       92.23      0.0841     3921.41   10
       92.33      0.0714     3925.20   10
       92.42      0.0570     3928.99   10
       92.49      0.0470     3931.51   10
       92.55      0.0356     3934.04   10
       92.61      0.0240     3936.57   10
       92.67      0.0118     3939.09   10
       92.74      0.0002     3941.62   10
       92.80     -0.0119     3944.15   10
       92.86     -0.0237     3946.67   10
       92.92     -0.0349     3949.20   10
       92.98     -0.0453     3951.73   10
       93.08     -0.0593     3955.52   10
       93.17     -0.0714     3959.31   10
       93.26     -0.0823     3963.10   10
       93.38     -0.0945     3968.15   10
       93.50     -0.1049     3973.20   10
       93.62     -0.1141     3978.26   10
       93.74     -0.1221     3983.31   10
       93.86     -0.1296     3988.36   10
       93.98     -0.1364     3993.41   10
       94.09     -0.1429     3998.47   10
       94.21     -0.1489     4003.52   10
       94.32     -0.1548     4008.57   10
       94.44     -0.1602     4013.63   10
       94.55     -0.1651     4018.68   10
       94.67     -0.1703     4023.73   10
       94.78     -0.1758     4028.79   10
       94.89     -0.1807     4033.84   10
       95.00     -0.1856     4038.89   10
       95.11     -0.1909     4043.95   10
       95.22     -0.1960     4049.00   10
       95.33     -0.2000     4054.05   10
       95.44     -0.2023     4059.11   10
       95.55     -0.2026     4064.16   10
       95.66     -0.2029     4069.21   10
       95.76     -0.2024     4074.26   10
       95.87     -0.2027     4079.32   10
       95.97     -0.2024     4084.37   10
       96.08     -0.2024     4089.42   10
       96.18     -0.2029     4094.48   10
       96.28     -0.2022     4099.53   10
       96.38     -0.2026     4104.58   10
       96.49     -0.2023     4109.64   10
       96.59     -0.2021     4114.69   10
       96.71     -0.2025     4121.01   10
       96.84     -0.2023     4127.32   10
       96.96     -0.2022     4133.64   10
       97.08     -0.2024     4139.96   10
       97.20     -0.2022     4146.27   10
       97.32     -0.2025     4152.59   10
       97.44     -0.2021     4158.90   10
       97.55     -0.2022     4165.22   10
       97.67     -0.2021     4171.54   10
       97.79     -0.2019     4177.85   10
       97.90     -0.2022     4184.17   10
       98.02     -0.2020     4190.49   10
       98.13     -0.2019     4196.80   10
       98.24     -0.2023     4203.12   10
       98.35     -0.2024     4209.44   10
       98.46     -0.2023     4215.75   10
       98.57     -0.2020     4222.07   10
       98.68     -0.2025     4228.39   10
       98.78     -0.2023     4234.70   10
       98.89     -0.2022     4241.02   10
       98.99     -0.2023     4247.34   10
       99.10     -0.2024     4253.65   10
       99.20     -0.2022     4259.97   10
       99.30     -0.2022     4266.28   10
       99.40     -0.2023     4272.60   10
       99.50     -0.2021     4278.92   10
       99.60     -0.2023     4285.23   10
       99.72     -0.2020     4292.81   10
       99.84     -0.2023     4300.39   10
       99.96     -0.2023     4307.97   10
      100.07     -0.2022     4315.55   10
      100.18     -0.2025     4323.13   10
      100.30     -0.2025     4330.71   10
      100.41     -0.2022     4338.29   10
      100.52     -0.2021     4345.87   10
      100.63     -0.2022     4353.45   10
      100.73     -0.2026     4361.03   10
      100.84     -0.2026     4368.61   10
      100.95     -0.2024     4376.19   10
      101.05     -0.2026     4383.77   10
      101.15     -0.2025     4391.35   10
      101.26     -0.2028     4398.93   10
      101.36     -0.2022     4406.51   10
      101.46     -0.2026     4414.09   10
      101.58     -0.2024     4422.93   10
      101.69     -0.2024     4431.77   10
      101.80     -0.2026     4440.62   10
      101.92     -0.2024     4449.46   10
      102.03     -0.2027     4458.30   10
      102.14     -0.2026     4467.15   10
      102.25     -0.2029     4475.99   10
      102.35     -0.2027     4484.83   10
      102.46     -0.2027     4493.68   10
      102.56     -0.2027     4502.52   10
      102.67     -0.2026     4511.36   10
      102.77     -0.2027     4520.20   10
      102.87     -0.2028     4529.05   10
      102.97     -0.2025     4537.89   10
      103.08     -0.2027     4548.00   10
      103.20     -0.2025     4558.10   10
      103.31     -0.2032     4568.21   10
      103.41     -0.2026     4578.32   10
      103.52     -0.2029     4588.42   10
      103.63     -0.2028     4598.53   10
      103.73     -0.2027     4608.63   10
      103.84     -0.2029     4618.74   10
      103.94     -0.2026     4628.85   10
      104.04     -0.2030     4638.95   10
      104.14     -0.2029     4649.06   10
      104.25     -0.2028     4660.43   10
      104.36     -0.2029     4671.80   10
      104.47     -0.2027     4683.17   10
      104.58     -0.2027     4694.54   10
      104.69     -0.2031     4705.91   10
      104.79     -0.2033     4717.28   10
      104.89     -0.2031     4728.65   10
      105.00     -0.2032     4740.02   10
      105.10     -0.2032     4751.39   10
      105.20     -0.2023     4762.76   10
      105.31     -0.2030     4775.39   10
      105.42     -0.2031     4788.02   10
      105.52     -0.2027     4800.65   10
      105.63     -0.2027     4813.29   10
      105.73     -0.2025     4825.92   10
      105.84     -0.2023     4838.55   10
      105.94     -0.2025     4851.19   10
      106.04     -0.2025     4863.82   10
